! Initial radius: 1.0000E+00 AU
! Number of timesteps:     499
!    Time (yr)         Radius (AU)        v (km/s)         nH (cm-3)           Td (K)           Tg (K)           Avrad (mag)       Avobs (mag)
  -9.828554710E+05   1.000000000E+00   0.000000000E+00   3.000000000E+03   1.483444623E+01   1.483444623E+01   2.998326436E+00   6.000838328E+00
  -9.808897601E+05   1.000000000E+00   0.000000000E+00   3.015426468E+03   1.482288528E+01   1.482288528E+01   3.004208389E+00   6.012629720E+00
  -9.789240492E+05   1.000000000E+00   0.000000000E+00   3.030932263E+03   1.481131753E+01   1.481131753E+01   3.010101880E+00   6.024444280E+00
  -9.769583382E+05   1.000000000E+00   0.000000000E+00   3.046517790E+03   1.479974308E+01   1.479974308E+01   3.016006932E+00   6.036282056E+00
  -9.749926273E+05   1.000000000E+00   0.000000000E+00   3.062183461E+03   1.478816198E+01   1.478816198E+01   3.021923569E+00   6.048143093E+00
  -9.730269163E+05   1.000000000E+00   0.000000000E+00   3.077929687E+03   1.477657431E+01   1.477657431E+01   3.027851813E+00   6.060027436E+00
  -9.710612054E+05   1.000000000E+00   0.000000000E+00   3.093756883E+03   1.476498015E+01   1.476498015E+01   3.033791687E+00   6.071935132E+00
  -9.690954944E+05   1.000000000E+00   0.000000000E+00   3.109665465E+03   1.475337955E+01   1.475337955E+01   3.039743213E+00   6.083866225E+00
  -9.671297835E+05   1.000000000E+00   0.000000000E+00   3.125655851E+03   1.474177261E+01   1.474177261E+01   3.045706414E+00   6.095820763E+00
  -9.651640726E+05   1.000000000E+00   0.000000000E+00   3.141728462E+03   1.473015938E+01   1.473015938E+01   3.051681314E+00   6.107798790E+00
  -9.631983616E+05   1.000000000E+00   0.000000000E+00   3.157883721E+03   1.471853995E+01   1.471853995E+01   3.057667935E+00   6.119800354E+00
  -9.612326507E+05   1.000000000E+00   0.000000000E+00   3.174122053E+03   1.470691440E+01   1.470691440E+01   3.063666300E+00   6.131825501E+00
  -9.592669397E+05   1.000000000E+00   0.000000000E+00   3.190443884E+03   1.469528279E+01   1.469528279E+01   3.069676432E+00   6.143874277E+00
  -9.573012288E+05   1.000000000E+00   0.000000000E+00   3.206849646E+03   1.468364520E+01   1.468364520E+01   3.075698355E+00   6.155946727E+00
  -9.553355179E+05   1.000000000E+00   0.000000000E+00   3.223339768E+03   1.467200172E+01   1.467200172E+01   3.081732091E+00   6.168042900E+00
  -9.533698069E+05   1.000000000E+00   0.000000000E+00   3.239914685E+03   1.466035242E+01   1.466035242E+01   3.087777664E+00   6.180162841E+00
  -9.514040960E+05   1.000000000E+00   0.000000000E+00   3.256574833E+03   1.464869737E+01   1.464869737E+01   3.093835097E+00   6.192306597E+00
  -9.494383850E+05   1.000000000E+00   0.000000000E+00   3.273320650E+03   1.463703666E+01   1.463703666E+01   3.099904413E+00   6.204474216E+00
  -9.474726741E+05   1.000000000E+00   0.000000000E+00   3.290152576E+03   1.462537037E+01   1.462537037E+01   3.105985635E+00   6.216665743E+00
  -9.455069631E+05   1.000000000E+00   0.000000000E+00   3.307071055E+03   1.461369857E+01   1.461369857E+01   3.112078787E+00   6.228881226E+00
  -9.435412522E+05   1.000000000E+00   0.000000000E+00   3.324076532E+03   1.460202135E+01   1.460202135E+01   3.118183893E+00   6.241120712E+00
  -9.415755413E+05   1.000000000E+00   0.000000000E+00   3.341169453E+03   1.459033879E+01   1.459033879E+01   3.124300975E+00   6.253384248E+00
  -9.396098303E+05   1.000000000E+00   0.000000000E+00   3.358350269E+03   1.457865098E+01   1.457865098E+01   3.130430057E+00   6.265671881E+00
  -9.376441194E+05   1.000000000E+00   0.000000000E+00   3.375619431E+03   1.456695798E+01   1.456695798E+01   3.136571163E+00   6.277983659E+00
  -9.356784084E+05   1.000000000E+00   0.000000000E+00   3.392977394E+03   1.455525990E+01   1.455525990E+01   3.142724316E+00   6.290319629E+00
  -9.337126975E+05   1.000000000E+00   0.000000000E+00   3.410424614E+03   1.454355681E+01   1.454355681E+01   3.148889540E+00   6.302679839E+00
  -9.317469865E+05   1.000000000E+00   0.000000000E+00   3.427961551E+03   1.453184880E+01   1.453184880E+01   3.155066859E+00   6.315064336E+00
  -9.297812756E+05   1.000000000E+00   0.000000000E+00   3.445588665E+03   1.452013595E+01   1.452013595E+01   3.161256296E+00   6.327473168E+00
  -9.278155647E+05   1.000000000E+00   0.000000000E+00   3.463306421E+03   1.450841835E+01   1.450841835E+01   3.167457875E+00   6.339906382E+00
  -9.258498537E+05   1.000000000E+00   0.000000000E+00   3.481115284E+03   1.449669609E+01   1.449669609E+01   3.173671620E+00   6.352364028E+00
  -9.238841428E+05   1.000000000E+00   0.000000000E+00   3.499015723E+03   1.448496926E+01   1.448496926E+01   3.179897555E+00   6.364846152E+00
  -9.219184318E+05   1.000000000E+00   0.000000000E+00   3.517008209E+03   1.447323794E+01   1.447323794E+01   3.186135703E+00   6.377352803E+00
  -9.199527209E+05   1.000000000E+00   0.000000000E+00   3.535093215E+03   1.446150222E+01   1.446150222E+01   3.192386090E+00   6.389884029E+00
  -9.179870100E+05   1.000000000E+00   0.000000000E+00   3.553271217E+03   1.444976220E+01   1.444976220E+01   3.198648737E+00   6.402439879E+00
  -9.160212990E+05   1.000000000E+00   0.000000000E+00   3.571542693E+03   1.443801796E+01   1.443801796E+01   3.204923671E+00   6.415020400E+00
  -9.140555881E+05   1.000000000E+00   0.000000000E+00   3.589908124E+03   1.442626959E+01   1.442626959E+01   3.211210914E+00   6.427625642E+00
  -9.120898771E+05   1.000000000E+00   0.000000000E+00   3.608367993E+03   1.441451720E+01   1.441451720E+01   3.217510492E+00   6.440255652E+00
  -9.101241662E+05   1.000000000E+00   0.000000000E+00   3.626922785E+03   1.440276086E+01   1.440276086E+01   3.223822427E+00   6.452910479E+00
  -9.081584552E+05   1.000000000E+00   0.000000000E+00   3.645572990E+03   1.439100067E+01   1.439100067E+01   3.230146745E+00   6.465590173E+00
  -9.061927443E+05   1.000000000E+00   0.000000000E+00   3.664319096E+03   1.437923674E+01   1.437923674E+01   3.236483470E+00   6.478294782E+00
  -9.042270334E+05   1.000000000E+00   0.000000000E+00   3.683161598E+03   1.436746915E+01   1.436746915E+01   3.242832625E+00   6.491024355E+00
  -9.022613224E+05   1.000000000E+00   0.000000000E+00   3.702100990E+03   1.435569799E+01   1.435569799E+01   3.249194237E+00   6.503778941E+00
  -9.002956115E+05   1.000000000E+00   0.000000000E+00   3.721137773E+03   1.434392337E+01   1.434392337E+01   3.255568327E+00   6.516558589E+00
  -8.983299005E+05   1.000000000E+00   0.000000000E+00   3.740272445E+03   1.433214539E+01   1.433214539E+01   3.261954923E+00   6.529363348E+00
  -8.963641896E+05   1.000000000E+00   0.000000000E+00   3.759505510E+03   1.432036413E+01   1.432036413E+01   3.268354047E+00   6.542193269E+00
  -8.943984786E+05   1.000000000E+00   0.000000000E+00   3.778837476E+03   1.430857971E+01   1.430857971E+01   3.274765725E+00   6.555048400E+00
  -8.924327677E+05   1.000000000E+00   0.000000000E+00   3.798268849E+03   1.429679221E+01   1.429679221E+01   3.281189980E+00   6.567928790E+00
  -8.904670568E+05   1.000000000E+00   0.000000000E+00   3.817800141E+03   1.428500175E+01   1.428500175E+01   3.287626839E+00   6.580834490E+00
  -8.885013458E+05   1.000000000E+00   0.000000000E+00   3.837431866E+03   1.427320841E+01   1.427320841E+01   3.294076325E+00   6.593765549E+00
  -8.865356349E+05   1.000000000E+00   0.000000000E+00   3.857164541E+03   1.426141231E+01   1.426141231E+01   3.300538463E+00   6.606722017E+00
  -8.845699239E+05   1.000000000E+00   0.000000000E+00   3.876998684E+03   1.424961354E+01   1.424961354E+01   3.307013278E+00   6.619703944E+00
  -8.826042130E+05   1.000000000E+00   0.000000000E+00   3.896934818E+03   1.423781221E+01   1.423781221E+01   3.313500795E+00   6.632711380E+00
  -8.806385021E+05   1.000000000E+00   0.000000000E+00   3.916973466E+03   1.422600842E+01   1.422600842E+01   3.320001039E+00   6.645744374E+00
  -8.786727911E+05   1.000000000E+00   0.000000000E+00   3.937115156E+03   1.421420228E+01   1.421420228E+01   3.326514035E+00   6.658802979E+00
  -8.767070802E+05   1.000000000E+00   0.000000000E+00   3.957360417E+03   1.420239390E+01   1.420239390E+01   3.333039808E+00   6.671887242E+00
  -8.747413692E+05   1.000000000E+00   0.000000000E+00   3.977709783E+03   1.419058337E+01   1.419058337E+01   3.339578382E+00   6.684997216E+00
  -8.727756583E+05   1.000000000E+00   0.000000000E+00   3.998163789E+03   1.417877082E+01   1.417877082E+01   3.346129784E+00   6.698132950E+00
  -8.708099473E+05   1.000000000E+00   0.000000000E+00   4.018722972E+03   1.416695634E+01   1.416695634E+01   3.352694038E+00   6.711294496E+00
  -8.688442364E+05   1.000000000E+00   0.000000000E+00   4.039387874E+03   1.415514005E+01   1.415514005E+01   3.359271169E+00   6.724481903E+00
  -8.668785255E+05   1.000000000E+00   0.000000000E+00   4.060159038E+03   1.414332205E+01   1.414332205E+01   3.365861203E+00   6.737695223E+00
  -8.649128145E+05   1.000000000E+00   0.000000000E+00   4.081037011E+03   1.413150246E+01   1.413150246E+01   3.372464164E+00   6.750934507E+00
  -8.629471036E+05   1.000000000E+00   0.000000000E+00   4.102022341E+03   1.411968138E+01   1.411968138E+01   3.379080080E+00   6.764199805E+00
  -8.609813926E+05   1.000000000E+00   0.000000000E+00   4.123115582E+03   1.410785894E+01   1.410785894E+01   3.385708973E+00   6.777491169E+00
  -8.590156817E+05   1.000000000E+00   0.000000000E+00   4.144317287E+03   1.409603524E+01   1.409603524E+01   3.392350871E+00   6.790808650E+00
  -8.570499707E+05   1.000000000E+00   0.000000000E+00   4.165628014E+03   1.408421040E+01   1.408421040E+01   3.399005799E+00   6.804152300E+00
  -8.550842598E+05   1.000000000E+00   0.000000000E+00   4.187048325E+03   1.407238454E+01   1.407238454E+01   3.405673782E+00   6.817522168E+00
  -8.531185489E+05   1.000000000E+00   0.000000000E+00   4.208578782E+03   1.406055776E+01   1.406055776E+01   3.412354846E+00   6.830918309E+00
  -8.511528379E+05   1.000000000E+00   0.000000000E+00   4.230219952E+03   1.404873019E+01   1.404873019E+01   3.419049017E+00   6.844340772E+00
  -8.491871270E+05   1.000000000E+00   0.000000000E+00   4.251972404E+03   1.403690195E+01   1.403690195E+01   3.425756319E+00   6.857789609E+00
  -8.472214160E+05   1.000000000E+00   0.000000000E+00   4.273836711E+03   1.402507314E+01   1.402507314E+01   3.432476780E+00   6.871264873E+00
  -8.452557051E+05   1.000000000E+00   0.000000000E+00   4.295813448E+03   1.401324390E+01   1.401324390E+01   3.439210425E+00   6.884766616E+00
  -8.432899942E+05   1.000000000E+00   0.000000000E+00   4.317903192E+03   1.400141434E+01   1.400141434E+01   3.445957279E+00   6.898294888E+00
  -8.413242832E+05   1.000000000E+00   0.000000000E+00   4.340106526E+03   1.398958459E+01   1.398958459E+01   3.452717369E+00   6.911849743E+00
  -8.393585723E+05   1.000000000E+00   0.000000000E+00   4.362424032E+03   1.397775476E+01   1.397775476E+01   3.459490720E+00   6.925431233E+00
  -8.373928613E+05   1.000000000E+00   0.000000000E+00   4.384856298E+03   1.396592498E+01   1.396592498E+01   3.466277359E+00   6.939039410E+00
  -8.354271504E+05   1.000000000E+00   0.000000000E+00   4.407403915E+03   1.395409537E+01   1.395409537E+01   3.473077312E+00   6.952674327E+00
  -8.334614394E+05   1.000000000E+00   0.000000000E+00   4.430067475E+03   1.394226606E+01   1.394226606E+01   3.479890605E+00   6.966336035E+00
  -8.314957285E+05   1.000000000E+00   0.000000000E+00   4.452847575E+03   1.393043718E+01   1.393043718E+01   3.486717263E+00   6.980024588E+00
  -8.295300176E+05   1.000000000E+00   0.000000000E+00   4.475744813E+03   1.391860885E+01   1.391860885E+01   3.493557314E+00   6.993740039E+00
  -8.275643066E+05   1.000000000E+00   0.000000000E+00   4.498759793E+03   1.390678119E+01   1.390678119E+01   3.500410783E+00   7.007482439E+00
  -8.255985957E+05   1.000000000E+00   0.000000000E+00   4.521893119E+03   1.389495434E+01   1.389495434E+01   3.507277696E+00   7.021251843E+00
  -8.236328847E+05   1.000000000E+00   0.000000000E+00   4.545145400E+03   1.388312843E+01   1.388312843E+01   3.514158081E+00   7.035048304E+00
  -8.216671738E+05   1.000000000E+00   0.000000000E+00   4.568517249E+03   1.387130359E+01   1.387130359E+01   3.521051964E+00   7.048871874E+00
  -8.197014628E+05   1.000000000E+00   0.000000000E+00   4.592009279E+03   1.385947995E+01   1.385947995E+01   3.527959370E+00   7.062722606E+00
  -8.177357519E+05   1.000000000E+00   0.000000000E+00   4.615622108E+03   1.384765763E+01   1.384765763E+01   3.534880327E+00   7.076600555E+00
  -8.157700410E+05   1.000000000E+00   0.000000000E+00   4.639356359E+03   1.383583679E+01   1.383583679E+01   3.541814862E+00   7.090505773E+00
  -8.138043300E+05   1.000000000E+00   0.000000000E+00   4.663212655E+03   1.382401754E+01   1.382401754E+01   3.548763000E+00   7.104438314E+00
  -8.118386191E+05   1.000000000E+00   0.000000000E+00   4.687191623E+03   1.381220002E+01   1.381220002E+01   3.555724768E+00   7.118398232E+00
  -8.098729081E+05   1.000000000E+00   0.000000000E+00   4.711293896E+03   1.380038438E+01   1.380038438E+01   3.562700194E+00   7.132385581E+00
  -8.079071972E+05   1.000000000E+00   0.000000000E+00   4.735520105E+03   1.378857075E+01   1.378857075E+01   3.569689304E+00   7.146400415E+00
  -8.059414863E+05   1.000000000E+00   0.000000000E+00   4.759870890E+03   1.377675927E+01   1.377675927E+01   3.576692124E+00   7.160442786E+00
  -8.039757753E+05   1.000000000E+00   0.000000000E+00   4.784346891E+03   1.376495007E+01   1.376495007E+01   3.583708683E+00   7.174512751E+00
  -8.020100644E+05   1.000000000E+00   0.000000000E+00   4.808948750E+03   1.375314330E+01   1.375314330E+01   3.590739006E+00   7.188610362E+00
  -8.000443534E+05   1.000000000E+00   0.000000000E+00   4.833677117E+03   1.374133909E+01   1.374133909E+01   3.597783120E+00   7.202735675E+00
  -7.980786425E+05   1.000000000E+00   0.000000000E+00   4.858532640E+03   1.372953760E+01   1.372953760E+01   3.604841054E+00   7.216888743E+00
  -7.961129315E+05   1.000000000E+00   0.000000000E+00   4.883515975E+03   1.371773897E+01   1.371773897E+01   3.611912833E+00   7.231069622E+00
  -7.941472206E+05   1.000000000E+00   0.000000000E+00   4.908627777E+03   1.370594333E+01   1.370594333E+01   3.618998485E+00   7.245278365E+00
  -7.921815097E+05   1.000000000E+00   0.000000000E+00   4.933868709E+03   1.369415084E+01   1.369415084E+01   3.626098038E+00   7.259515028E+00
  -7.902157987E+05   1.000000000E+00   0.000000000E+00   4.959239433E+03   1.368236164E+01   1.368236164E+01   3.633211518E+00   7.273779665E+00
  -7.882500878E+05   1.000000000E+00   0.000000000E+00   4.984740618E+03   1.367057588E+01   1.367057588E+01   3.640338953E+00   7.288072332E+00
  -7.862843768E+05   1.000000000E+00   0.000000000E+00   5.010372933E+03   1.365879371E+01   1.365879371E+01   3.647480370E+00   7.302393083E+00
  -7.843186659E+05   1.000000000E+00   0.000000000E+00   5.036137054E+03   1.364701528E+01   1.364701528E+01   3.654635797E+00   7.316741974E+00
  -7.823529549E+05   1.000000000E+00   0.000000000E+00   5.062033659E+03   1.363524074E+01   1.363524074E+01   3.661805261E+00   7.331119060E+00
  -7.803872440E+05   1.000000000E+00   0.000000000E+00   5.088063427E+03   1.362347024E+01   1.362347024E+01   3.668988790E+00   7.345524396E+00
  -7.784215331E+05   1.000000000E+00   0.000000000E+00   5.114227045E+03   1.361170393E+01   1.361170393E+01   3.676186411E+00   7.359958038E+00
  -7.764558221E+05   1.000000000E+00   0.000000000E+00   5.140525200E+03   1.359994197E+01   1.359994197E+01   3.683398151E+00   7.374420042E+00
  -7.744901112E+05   1.000000000E+00   0.000000000E+00   5.166958584E+03   1.358818452E+01   1.358818452E+01   3.690624040E+00   7.388910463E+00
  -7.725244002E+05   1.000000000E+00   0.000000000E+00   5.193527893E+03   1.357643173E+01   1.357643173E+01   3.697864103E+00   7.403429356E+00
  -7.705586893E+05   1.000000000E+00   0.000000000E+00   5.220233826E+03   1.356468375E+01   1.356468375E+01   3.705118370E+00   7.417976779E+00
  -7.685929784E+05   1.000000000E+00   0.000000000E+00   5.247077084E+03   1.355294076E+01   1.355294076E+01   3.712386868E+00   7.432552787E+00
  -7.666272674E+05   1.000000000E+00   0.000000000E+00   5.274058375E+03   1.354120290E+01   1.354120290E+01   3.719669625E+00   7.447157436E+00
  -7.646615565E+05   1.000000000E+00   0.000000000E+00   5.301178408E+03   1.352947034E+01   1.352947034E+01   3.726966669E+00   7.461790783E+00
  -7.626958455E+05   1.000000000E+00   0.000000000E+00   5.328437896E+03   1.351774323E+01   1.351774323E+01   3.734278027E+00   7.476452883E+00
  -7.607301346E+05   1.000000000E+00   0.000000000E+00   5.355837557E+03   1.350602176E+01   1.350602176E+01   3.741603729E+00   7.491143794E+00
  -7.587644236E+05   1.000000000E+00   0.000000000E+00   5.383378111E+03   1.349430607E+01   1.349430607E+01   3.748943802E+00   7.505863572E+00
  -7.567987127E+05   1.000000000E+00   0.000000000E+00   5.411060283E+03   1.348259633E+01   1.348259633E+01   3.756298274E+00   7.520612274E+00
  -7.548330018E+05   1.000000000E+00   0.000000000E+00   5.438884801E+03   1.347089272E+01   1.347089272E+01   3.763667174E+00   7.535389956E+00
  -7.528672908E+05   1.000000000E+00   0.000000000E+00   5.466852397E+03   1.345919539E+01   1.345919539E+01   3.771050530E+00   7.550196676E+00
  -7.509015799E+05   1.000000000E+00   0.000000000E+00   5.494963807E+03   1.344750452E+01   1.344750452E+01   3.778448370E+00   7.565032490E+00
  -7.489358689E+05   1.000000000E+00   0.000000000E+00   5.523219770E+03   1.343582028E+01   1.343582028E+01   3.785860722E+00   7.579897456E+00
  -7.469701580E+05   1.000000000E+00   0.000000000E+00   5.551621029E+03   1.342386126E+01   1.342386126E+01   3.793287616E+00   7.594791631E+00
  -7.450044470E+05   1.000000000E+00   0.000000000E+00   5.580168333E+03   1.341162699E+01   1.341162699E+01   3.800729080E+00   7.609715073E+00
  -7.430387361E+05   1.000000000E+00   0.000000000E+00   5.608862431E+03   1.339939646E+01   1.339939646E+01   3.808185141E+00   7.624667838E+00
  -7.410730252E+05   1.000000000E+00   0.000000000E+00   5.637704078E+03   1.338716975E+01   1.338716975E+01   3.815655830E+00   7.639649985E+00
  -7.391073142E+05   1.000000000E+00   0.000000000E+00   5.666694034E+03   1.337494695E+01   1.337494695E+01   3.823141174E+00   7.654661572E+00
  -7.371416033E+05   1.000000000E+00   0.000000000E+00   5.695833061E+03   1.336272814E+01   1.336272814E+01   3.830641203E+00   7.669702655E+00
  -7.351758923E+05   1.000000000E+00   0.000000000E+00   5.725121925E+03   1.335051340E+01   1.335051340E+01   3.838155945E+00   7.684773294E+00
  -7.332101814E+05   1.000000000E+00   0.000000000E+00   5.754561397E+03   1.333830283E+01   1.333830283E+01   3.845685428E+00   7.699873545E+00
  -7.312444705E+05   1.000000000E+00   0.000000000E+00   5.784152252E+03   1.332609651E+01   1.332609651E+01   3.853229683E+00   7.715003468E+00
  -7.292787595E+05   1.000000000E+00   0.000000000E+00   5.813895267E+03   1.331389452E+01   1.331389452E+01   3.860788737E+00   7.730163121E+00
  -7.273130486E+05   1.000000000E+00   0.000000000E+00   5.843791225E+03   1.330169696E+01   1.330169696E+01   3.868362621E+00   7.745352562E+00
  -7.253473376E+05   1.000000000E+00   0.000000000E+00   5.873840914E+03   1.328950390E+01   1.328950390E+01   3.875951362E+00   7.760571849E+00
  -7.233816267E+05   1.000000000E+00   0.000000000E+00   5.904045122E+03   1.327731544E+01   1.327731544E+01   3.883554991E+00   7.775821042E+00
  -7.214159157E+05   1.000000000E+00   0.000000000E+00   5.934404645E+03   1.326513167E+01   1.326513167E+01   3.891173536E+00   7.791100198E+00
  -7.194502048E+05   1.000000000E+00   0.000000000E+00   5.964920282E+03   1.325295266E+01   1.325295266E+01   3.898807027E+00   7.806409378E+00
  -7.174844939E+05   1.000000000E+00   0.000000000E+00   5.995592834E+03   1.324077852E+01   1.324077852E+01   3.906455492E+00   7.821748639E+00
  -7.155187829E+05   1.000000000E+00   0.000000000E+00   6.026423110E+03   1.322860932E+01   1.322860932E+01   3.914118963E+00   7.837118041E+00
  -7.135530720E+05   1.000000000E+00   0.000000000E+00   6.057411920E+03   1.321644516E+01   1.321644516E+01   3.921797466E+00   7.852517644E+00
  -7.115873610E+05   1.000000000E+00   0.000000000E+00   6.088560079E+03   1.320428612E+01   1.320428612E+01   3.929491033E+00   7.867947506E+00
  -7.096216501E+05   1.000000000E+00   0.000000000E+00   6.119868407E+03   1.319213230E+01   1.319213230E+01   3.937199693E+00   7.883407687E+00
  -7.076559391E+05   1.000000000E+00   0.000000000E+00   6.151337727E+03   1.317998378E+01   1.317998378E+01   3.944923475E+00   7.898898247E+00
  -7.056902282E+05   1.000000000E+00   0.000000000E+00   6.182968868E+03   1.316784066E+01   1.316784066E+01   3.952662410E+00   7.914419245E+00
  -7.037245173E+05   1.000000000E+00   0.000000000E+00   6.214762660E+03   1.315570302E+01   1.315570302E+01   3.960416526E+00   7.929970741E+00
  -7.017588063E+05   1.000000000E+00   0.000000000E+00   6.246719942E+03   1.314357096E+01   1.314357096E+01   3.968185854E+00   7.945552795E+00
  -6.997930954E+05   1.000000000E+00   0.000000000E+00   6.278841552E+03   1.313144456E+01   1.313144456E+01   3.975970423E+00   7.961165468E+00
  -6.978273844E+05   1.000000000E+00   0.000000000E+00   6.311128337E+03   1.311932391E+01   1.311932391E+01   3.983770264E+00   7.976808818E+00
  -6.958616735E+05   1.000000000E+00   0.000000000E+00   6.343581146E+03   1.310720912E+01   1.310720912E+01   3.991585406E+00   7.992482907E+00
  -6.938959626E+05   1.000000000E+00   0.000000000E+00   6.376200832E+03   1.309510026E+01   1.309510026E+01   3.999415879E+00   8.008187795E+00
  -6.919302516E+05   1.000000000E+00   0.000000000E+00   6.408988254E+03   1.308299743E+01   1.308299743E+01   4.007261713E+00   8.023923543E+00
  -6.899645407E+05   1.000000000E+00   0.000000000E+00   6.441944274E+03   1.307090072E+01   1.307090072E+01   4.015122939E+00   8.039690210E+00
  -6.879988297E+05   1.000000000E+00   0.000000000E+00   6.475069758E+03   1.305881023E+01   1.305881023E+01   4.022999587E+00   8.055487858E+00
  -6.860331188E+05   1.000000000E+00   0.000000000E+00   6.508365579E+03   1.304672604E+01   1.304672604E+01   4.030891687E+00   8.071316548E+00
  -6.840674078E+05   1.000000000E+00   0.000000000E+00   6.541832613E+03   1.303464826E+01   1.303464826E+01   4.038799269E+00   8.087176341E+00
  -6.821016969E+05   1.000000000E+00   0.000000000E+00   6.575471739E+03   1.302257696E+01   1.302257696E+01   4.046722364E+00   8.103067297E+00
  -6.801359860E+05   1.000000000E+00   0.000000000E+00   6.609283843E+03   1.301051226E+01   1.301051226E+01   4.054661002E+00   8.118989479E+00
  -6.781702750E+05   1.000000000E+00   0.000000000E+00   6.643269814E+03   1.299845423E+01   1.299845423E+01   4.062615213E+00   8.134942947E+00
  -6.762045641E+05   1.000000000E+00   0.000000000E+00   6.677430546E+03   1.298640298E+01   1.298640298E+01   4.070585029E+00   8.150927763E+00
  -6.742388531E+05   1.000000000E+00   0.000000000E+00   6.711766938E+03   1.297435859E+01   1.297435859E+01   4.078570479E+00   8.166943988E+00
  -6.722731422E+05   1.000000000E+00   0.000000000E+00   6.746279893E+03   1.296232117E+01   1.296232117E+01   4.086571595E+00   8.182991684E+00
  -6.703074312E+05   1.000000000E+00   0.000000000E+00   6.780970319E+03   1.295029080E+01   1.295029080E+01   4.094588407E+00   8.199070914E+00
  -6.683417203E+05   1.000000000E+00   0.000000000E+00   6.815839128E+03   1.293826759E+01   1.293826759E+01   4.102620946E+00   8.215181738E+00
  -6.663760094E+05   1.000000000E+00   0.000000000E+00   6.850887239E+03   1.292625162E+01   1.292625162E+01   4.110669242E+00   8.231324220E+00
  -6.644102984E+05   1.000000000E+00   0.000000000E+00   6.886115572E+03   1.291424300E+01   1.291424300E+01   4.118733328E+00   8.247498421E+00
  -6.624445875E+05   1.000000000E+00   0.000000000E+00   6.921525055E+03   1.290224182E+01   1.290224182E+01   4.126813233E+00   8.263704403E+00
  -6.604788765E+05   1.000000000E+00   0.000000000E+00   6.957116619E+03   1.289024817E+01   1.289024817E+01   4.134908988E+00   8.279942230E+00
  -6.585131656E+05   1.000000000E+00   0.000000000E+00   6.992891200E+03   1.287826215E+01   1.287826215E+01   4.143020626E+00   8.296211963E+00
  -6.565474547E+05   1.000000000E+00   0.000000000E+00   7.028849740E+03   1.286628386E+01   1.286628386E+01   4.151148176E+00   8.312513666E+00
  -6.545817437E+05   1.000000000E+00   0.000000000E+00   7.064993185E+03   1.285431340E+01   1.285431340E+01   4.159291671E+00   8.328847401E+00
  -6.526160328E+05   1.000000000E+00   0.000000000E+00   7.101322484E+03   1.284235086E+01   1.284235086E+01   4.167451141E+00   8.345213230E+00
  -6.506503218E+05   1.000000000E+00   0.000000000E+00   7.137838595E+03   1.283039634E+01   1.283039634E+01   4.175626618E+00   8.361611218E+00
  -6.486846109E+05   1.000000000E+00   0.000000000E+00   7.174542477E+03   1.281844994E+01   1.281844994E+01   4.183818133E+00   8.378041428E+00
  -6.467188999E+05   1.000000000E+00   0.000000000E+00   7.211435096E+03   1.280651175E+01   1.280651175E+01   4.192025718E+00   8.394503922E+00
  -6.447531890E+05   1.000000000E+00   0.000000000E+00   7.248517423E+03   1.279458187E+01   1.279458187E+01   4.200249404E+00   8.410998764E+00
  -6.427874781E+05   1.000000000E+00   0.000000000E+00   7.285790433E+03   1.278266041E+01   1.278266041E+01   4.208489223E+00   8.427526017E+00
  -6.408217671E+05   1.000000000E+00   0.000000000E+00   7.323255106E+03   1.277074746E+01   1.277074746E+01   4.216745206E+00   8.444085746E+00
  -6.388560562E+05   1.000000000E+00   0.000000000E+00   7.360912429E+03   1.275884312E+01   1.275884312E+01   4.225017386E+00   8.460678015E+00
  -6.368903452E+05   1.000000000E+00   0.000000000E+00   7.398763392E+03   1.274694749E+01   1.274694749E+01   4.233305793E+00   8.477302886E+00
  -6.349246343E+05   1.000000000E+00   0.000000000E+00   7.436808990E+03   1.273506067E+01   1.273506067E+01   4.241610460E+00   8.493960424E+00
  -6.329589234E+05   1.000000000E+00   0.000000000E+00   7.475050225E+03   1.272318276E+01   1.272318276E+01   4.249931418E+00   8.510650694E+00
  -6.309932124E+05   1.000000000E+00   0.000000000E+00   7.513488102E+03   1.271131386E+01   1.271131386E+01   4.258268701E+00   8.527373760E+00
  -6.290275015E+05   1.000000000E+00   0.000000000E+00   7.552123632E+03   1.269945407E+01   1.269945407E+01   4.266622338E+00   8.544129685E+00
  -6.270617905E+05   1.000000000E+00   0.000000000E+00   7.590957833E+03   1.268760349E+01   1.268760349E+01   4.274992364E+00   8.560918536E+00
  -6.250960796E+05   1.000000000E+00   0.000000000E+00   7.629991725E+03   1.267576222E+01   1.267576222E+01   4.283378809E+00   8.577740375E+00
  -6.231303686E+05   1.000000000E+00   0.000000000E+00   7.669226335E+03   1.266393036E+01   1.266393036E+01   4.291781707E+00   8.594595269E+00
  -6.211646577E+05   1.000000000E+00   0.000000000E+00   7.708662696E+03   1.265210801E+01   1.265210801E+01   4.300201089E+00   8.611483282E+00
  -6.191989468E+05   1.000000000E+00   0.000000000E+00   7.748301845E+03   1.264029529E+01   1.264029529E+01   4.308636987E+00   8.628404480E+00
  -6.172332358E+05   1.000000000E+00   0.000000000E+00   7.788144825E+03   1.262849228E+01   1.262849228E+01   4.317089435E+00   8.645358926E+00
  -6.152675249E+05   1.000000000E+00   0.000000000E+00   7.828192683E+03   1.261669909E+01   1.261669909E+01   4.325558464E+00   8.662346688E+00
  -6.133018139E+05   1.000000000E+00   0.000000000E+00   7.868446474E+03   1.260491582E+01   1.260491582E+01   4.334044107E+00   8.679367829E+00
  -6.113361030E+05   1.000000000E+00   0.000000000E+00   7.908907256E+03   1.259314257E+01   1.259314257E+01   4.342546397E+00   8.696422417E+00
  -6.093703920E+05   1.000000000E+00   0.000000000E+00   7.949576094E+03   1.258137946E+01   1.258137946E+01   4.351065366E+00   8.713510516E+00
  -6.074046811E+05   1.000000000E+00   0.000000000E+00   7.990454057E+03   1.256962658E+01   1.256962658E+01   4.359601048E+00   8.730632192E+00
  -6.054389702E+05   1.000000000E+00   0.000000000E+00   8.031542221E+03   1.255788403E+01   1.255788403E+01   4.368153474E+00   8.747787512E+00
  -6.034732592E+05   1.000000000E+00   0.000000000E+00   8.072841667E+03   1.254615192E+01   1.254615192E+01   4.376722677E+00   8.764976541E+00
  -6.015075483E+05   1.000000000E+00   0.000000000E+00   8.114353481E+03   1.253443035E+01   1.253443035E+01   4.385308692E+00   8.782199346E+00
  -5.995418373E+05   1.000000000E+00   0.000000000E+00   8.156078755E+03   1.252271943E+01   1.252271943E+01   4.393911550E+00   8.799455993E+00
  -5.975761264E+05   1.000000000E+00   0.000000000E+00   8.198018587E+03   1.251101926E+01   1.251101926E+01   4.402531284E+00   8.816746549E+00
  -5.956104155E+05   1.000000000E+00   0.000000000E+00   8.240174081E+03   1.249932995E+01   1.249932995E+01   4.411167929E+00   8.834071080E+00
  -5.936447045E+05   1.000000000E+00   0.000000000E+00   8.282546344E+03   1.248765159E+01   1.248765159E+01   4.419821516E+00   8.851429652E+00
  -5.916789936E+05   1.000000000E+00   0.000000000E+00   8.325136493E+03   1.247598431E+01   1.247598431E+01   4.428492079E+00   8.868822334E+00
  -5.897132826E+05   1.000000000E+00   0.000000000E+00   8.367945646E+03   1.246432819E+01   1.246432819E+01   4.437179652E+00   8.886249192E+00
  -5.877475717E+05   1.000000000E+00   0.000000000E+00   8.410974931E+03   1.245268335E+01   1.245268335E+01   4.445884267E+00   8.903710292E+00
  -5.857818607E+05   1.000000000E+00   0.000000000E+00   8.454225479E+03   1.244104990E+01   1.244104990E+01   4.454605959E+00   8.921205703E+00
  -5.838161498E+05   1.000000000E+00   0.000000000E+00   8.497698428E+03   1.242942794E+01   1.242942794E+01   4.463344761E+00   8.938735492E+00
  -5.818504389E+05   1.000000000E+00   0.000000000E+00   8.541394922E+03   1.241781757E+01   1.241781757E+01   4.472100705E+00   8.956299725E+00
  -5.798847279E+05   1.000000000E+00   0.000000000E+00   8.585316111E+03   1.240621890E+01   1.240621890E+01   4.480873827E+00   8.973898472E+00
  -5.779190170E+05   1.000000000E+00   0.000000000E+00   8.629463148E+03   1.239463205E+01   1.239463205E+01   4.489664160E+00   8.991531800E+00
  -5.759533060E+05   1.000000000E+00   0.000000000E+00   8.673837197E+03   1.238305711E+01   1.238305711E+01   4.498471736E+00   9.009199776E+00
  -5.739875951E+05   1.000000000E+00   0.000000000E+00   8.718439424E+03   1.237149419E+01   1.237149419E+01   4.507296591E+00   9.026902469E+00
  -5.720218841E+05   1.000000000E+00   0.000000000E+00   8.763271003E+03   1.235994341E+01   1.235994341E+01   4.516138758E+00   9.044639948E+00
  -5.700561732E+05   1.000000000E+00   0.000000000E+00   8.808333113E+03   1.234840486E+01   1.234840486E+01   4.524998272E+00   9.062412279E+00
  -5.680904623E+05   1.000000000E+00   0.000000000E+00   8.853626939E+03   1.233687866E+01   1.233687866E+01   4.533875165E+00   9.080219533E+00
  -5.661247513E+05   1.000000000E+00   0.000000000E+00   8.899153673E+03   1.232536492E+01   1.232536492E+01   4.542769472E+00   9.098061777E+00
  -5.641590404E+05   1.000000000E+00   0.000000000E+00   8.944914512E+03   1.231386375E+01   1.231386375E+01   4.551681228E+00   9.115939080E+00
  -5.621933294E+05   1.000000000E+00   0.000000000E+00   8.990910661E+03   1.230237524E+01   1.230237524E+01   4.560610467E+00   9.133851511E+00
  -5.602276185E+05   1.000000000E+00   0.000000000E+00   9.037143330E+03   1.229089952E+01   1.229089952E+01   4.569557222E+00   9.151799140E+00
  -5.582619076E+05   1.000000000E+00   0.000000000E+00   9.083613734E+03   1.227943669E+01   1.227943669E+01   4.578521529E+00   9.169782035E+00
  -5.562961966E+05   1.000000000E+00   0.000000000E+00   9.130323096E+03   1.226798687E+01   1.226798687E+01   4.587503421E+00   9.187800265E+00
  -5.543304857E+05   1.000000000E+00   0.000000000E+00   9.177272645E+03   1.225655015E+01   1.225655015E+01   4.596502933E+00   9.205853901E+00
  -5.523647747E+05   1.000000000E+00   0.000000000E+00   9.224463616E+03   1.224512665E+01   1.224512665E+01   4.605520100E+00   9.223943011E+00
  -5.503990638E+05   1.000000000E+00   0.000000000E+00   9.271897250E+03   1.223371648E+01   1.223371648E+01   4.614554957E+00   9.242067665E+00
  -5.484333528E+05   1.000000000E+00   0.000000000E+00   9.319574795E+03   1.222231976E+01   1.222231976E+01   4.623607538E+00   9.260227934E+00
  -5.464676419E+05   1.000000000E+00   0.000000000E+00   9.367497506E+03   1.221093658E+01   1.221093658E+01   4.632677877E+00   9.278423887E+00
  -5.445019310E+05   1.000000000E+00   0.000000000E+00   9.415666643E+03   1.219956707E+01   1.219956707E+01   4.641766011E+00   9.296655594E+00
  -5.425362200E+05   1.000000000E+00   0.000000000E+00   9.464083473E+03   1.218821133E+01   1.218821133E+01   4.650871972E+00   9.314923126E+00
  -5.405705091E+05   1.000000000E+00   0.000000000E+00   9.512749270E+03   1.217686947E+01   1.217686947E+01   4.659995798E+00   9.333226552E+00
  -5.386047981E+05   1.000000000E+00   0.000000000E+00   9.561665314E+03   1.216554161E+01   1.216554161E+01   4.669137522E+00   9.351565944E+00
  -5.366390872E+05   1.000000000E+00   0.000000000E+00   9.610832892E+03   1.215422786E+01   1.215422786E+01   4.678297180E+00   9.369941372E+00
  -5.346733762E+05   1.000000000E+00   0.000000000E+00   9.660253297E+03   1.214292832E+01   1.214292832E+01   4.687474806E+00   9.388352907E+00
  -5.327076653E+05   1.000000000E+00   0.000000000E+00   9.728389002E+03   1.212503180E+01   1.212503180E+01   4.702071461E+00   9.417639112E+00
  -5.307419544E+05   1.000000000E+00   0.000000000E+00   9.818464079E+03   1.209957823E+01   1.209957823E+01   4.722961981E+00   9.459555752E+00
  -5.287762434E+05   1.000000000E+00   0.000000000E+00   9.909373160E+03   1.207420020E+01   1.207420020E+01   4.743945314E+00   9.501658958E+00
  -5.268105325E+05   1.000000000E+00   0.000000000E+00   1.000112397E+04   1.204889901E+01   1.204889901E+01   4.765021872E+00   9.543949559E+00
  -5.248448215E+05   1.000000000E+00   0.000000000E+00   1.009372430E+04   1.202367599E+01   1.202367599E+01   4.786192069E+00   9.586428390E+00
  -5.228791106E+05   1.000000000E+00   0.000000000E+00   1.018718201E+04   1.199853244E+01   1.199853244E+01   4.807456323E+00   9.629096289E+00
  -5.209133997E+05   1.000000000E+00   0.000000000E+00   1.028150505E+04   1.197346969E+01   1.197346969E+01   4.828815050E+00   9.671954097E+00
  -5.189476887E+05   1.000000000E+00   0.000000000E+00   1.037670142E+04   1.194848908E+01   1.194848908E+01   4.850268670E+00   9.715002659E+00
  -5.169819778E+05   1.000000000E+00   0.000000000E+00   1.047277922E+04   1.192359192E+01   1.192359192E+01   4.871817605E+00   9.758242824E+00
  -5.150162668E+05   1.000000000E+00   0.000000000E+00   1.056974660E+04   1.189877956E+01   1.189877956E+01   4.893462278E+00   9.801675446E+00
  -5.130505559E+05   1.000000000E+00   0.000000000E+00   1.066761180E+04   1.187405335E+01   1.187405335E+01   4.915203115E+00   9.845301380E+00
  -5.110848449E+05   1.000000000E+00   0.000000000E+00   1.076638313E+04   1.184941462E+01   1.184941462E+01   4.937040543E+00   9.889121488E+00
  -5.091191340E+05   1.000000000E+00   0.000000000E+00   1.086606899E+04   1.182486472E+01   1.182486472E+01   4.958974991E+00   9.933136633E+00
  -5.071534231E+05   1.000000000E+00   0.000000000E+00   1.096667783E+04   1.180040501E+01   1.180040501E+01   4.981006890E+00   9.977347683E+00
  -5.051877121E+05   1.000000000E+00   0.000000000E+00   1.106821822E+04   1.177603685E+01   1.177603685E+01   5.003136673E+00   1.002175551E+01
  -5.032220012E+05   1.000000000E+00   0.000000000E+00   1.117069876E+04   1.175176160E+01   1.175176160E+01   5.025364775E+00   1.006636099E+01
  -5.012562902E+05   1.000000000E+00   0.000000000E+00   1.127412817E+04   1.172758061E+01   1.172758061E+01   5.047691633E+00   1.011116501E+01
  -4.992905793E+05   1.000000000E+00   0.000000000E+00   1.137851524E+04   1.170349527E+01   1.170349527E+01   5.070117686E+00   1.015616844E+01
  -4.973248683E+05   1.000000000E+00   0.000000000E+00   1.148386882E+04   1.167950693E+01   1.167950693E+01   5.092643373E+00   1.020137217E+01
  -4.953591574E+05   1.000000000E+00   0.000000000E+00   1.159019787E+04   1.165561697E+01   1.165561697E+01   5.115269139E+00   1.024677710E+01
  -4.933934465E+05   1.000000000E+00   0.000000000E+00   1.169751142E+04   1.163182678E+01   1.163182678E+01   5.137995426E+00   1.029238412E+01
  -4.914277355E+05   1.000000000E+00   0.000000000E+00   1.180581859E+04   1.160813772E+01   1.160813772E+01   5.160822684E+00   1.033819414E+01
  -4.894620246E+05   1.000000000E+00   0.000000000E+00   1.191512857E+04   1.158455118E+01   1.158455118E+01   5.183751358E+00   1.038420804E+01
  -4.874963136E+05   1.000000000E+00   0.000000000E+00   1.202545065E+04   1.156106854E+01   1.156106854E+01   5.206781901E+00   1.043042675E+01
  -4.855306027E+05   1.000000000E+00   0.000000000E+00   1.213679420E+04   1.153769119E+01   1.153769119E+01   5.229914765E+00   1.047685117E+01
  -4.835648918E+05   1.000000000E+00   0.000000000E+00   1.224916868E+04   1.151388929E+01   1.151388929E+01   5.253150404E+00   1.052348222E+01
  -4.815991808E+05   1.000000000E+00   0.000000000E+00   1.236258364E+04   1.148852695E+01   1.148852695E+01   5.276489276E+00   1.057032082E+01
  -4.796334699E+05   1.000000000E+00   0.000000000E+00   1.247704870E+04   1.146329321E+01   1.146329321E+01   5.299931838E+00   1.061736789E+01
  -4.776677589E+05   1.000000000E+00   0.000000000E+00   1.259257360E+04   1.143818908E+01   1.143818908E+01   5.323478551E+00   1.066462436E+01
  -4.757020480E+05   1.000000000E+00   0.000000000E+00   1.270916814E+04   1.141321560E+01   1.141321560E+01   5.347129879E+00   1.071209117E+01
  -4.737363370E+05   1.000000000E+00   0.000000000E+00   1.282684223E+04   1.138837376E+01   1.138837376E+01   5.370886286E+00   1.075976924E+01
  -4.717706261E+05   1.000000000E+00   0.000000000E+00   1.294560586E+04   1.136366455E+01   1.136366455E+01   5.394748238E+00   1.080765952E+01
  -4.698049152E+05   1.000000000E+00   0.000000000E+00   1.306546912E+04   1.133908893E+01   1.133908893E+01   5.418716205E+00   1.085576295E+01
  -4.678392042E+05   1.000000000E+00   0.000000000E+00   1.318644219E+04   1.131464788E+01   1.131464788E+01   5.442790658E+00   1.090408049E+01
  -4.658734933E+05   1.000000000E+00   0.000000000E+00   1.330853536E+04   1.129034231E+01   1.129034231E+01   5.466972069E+00   1.095261308E+01
  -4.639077823E+05   1.000000000E+00   0.000000000E+00   1.343175898E+04   1.126617317E+01   1.126617317E+01   5.491260914E+00   1.100136168E+01
  -4.619420714E+05   1.000000000E+00   0.000000000E+00   1.355612353E+04   1.124214134E+01   1.124214134E+01   5.515657671E+00   1.105032726E+01
  -4.599763604E+05   1.000000000E+00   0.000000000E+00   1.368163957E+04   1.121824772E+01   1.121824772E+01   5.540162818E+00   1.109951077E+01
  -4.580106495E+05   1.000000000E+00   0.000000000E+00   1.380831777E+04   1.119449316E+01   1.119449316E+01   5.564776838E+00   1.114891320E+01
  -4.560449386E+05   1.000000000E+00   0.000000000E+00   1.393616887E+04   1.117087853E+01   1.117087853E+01   5.589500214E+00   1.119853550E+01
  -4.540792276E+05   1.000000000E+00   0.000000000E+00   1.406520375E+04   1.114740463E+01   1.114740463E+01   5.614333431E+00   1.124837867E+01
  -4.521135167E+05   1.000000000E+00   0.000000000E+00   1.419543336E+04   1.112407229E+01   1.112407229E+01   5.639276979E+00   1.129844369E+01
  -4.501478057E+05   1.000000000E+00   0.000000000E+00   1.432686876E+04   1.110088227E+01   1.110088227E+01   5.664331346E+00   1.134873154E+01
  -4.481820948E+05   1.000000000E+00   0.000000000E+00   1.445952113E+04   1.107783535E+01   1.107783535E+01   5.689497026E+00   1.139924321E+01
  -4.462163839E+05   1.000000000E+00   0.000000000E+00   1.459340172E+04   1.105493225E+01   1.105493225E+01   5.714774513E+00   1.144997970E+01
  -4.442506729E+05   1.000000000E+00   0.000000000E+00   1.472852191E+04   1.103217369E+01   1.103217369E+01   5.740164303E+00   1.150094201E+01
  -4.422849620E+05   1.000000000E+00   0.000000000E+00   1.486489318E+04   1.100956037E+01   1.100956037E+01   5.765666896E+00   1.155213116E+01
  -4.403192510E+05   1.000000000E+00   0.000000000E+00   1.500252711E+04   1.098709294E+01   1.098709294E+01   5.791282793E+00   1.160354813E+01
  -4.383535401E+05   1.000000000E+00   0.000000000E+00   1.514143539E+04   1.096477205E+01   1.096477205E+01   5.817012496E+00   1.165519396E+01
  -4.363878291E+05   1.000000000E+00   0.000000000E+00   1.528162982E+04   1.094259830E+01   1.094259830E+01   5.842856513E+00   1.170706965E+01
  -4.344221182E+05   1.000000000E+00   0.000000000E+00   1.542312231E+04   1.092057228E+01   1.092057228E+01   5.868815350E+00   1.175917624E+01
  -4.324564073E+05   1.000000000E+00   0.000000000E+00   1.556592488E+04   1.089869455E+01   1.089869455E+01   5.894889519E+00   1.181151475E+01
  -4.304906963E+05   1.000000000E+00   0.000000000E+00   1.571004965E+04   1.087696562E+01   1.087696562E+01   5.921079530E+00   1.186408620E+01
  -4.285249854E+05   1.000000000E+00   0.000000000E+00   1.585550888E+04   1.085538600E+01   1.085538600E+01   5.947385899E+00   1.191689165E+01
  -4.265592744E+05   1.000000000E+00   0.000000000E+00   1.600231491E+04   1.083395615E+01   1.083395615E+01   5.973809143E+00   1.196993213E+01
  -4.245935635E+05   1.000000000E+00   0.000000000E+00   1.615048022E+04   1.081267651E+01   1.081267651E+01   6.000349781E+00   1.202320868E+01
  -4.226278525E+05   1.000000000E+00   0.000000000E+00   1.630001738E+04   1.079154747E+01   1.079154747E+01   6.027008335E+00   1.207672236E+01
  -4.206621416E+05   1.000000000E+00   0.000000000E+00   1.645093912E+04   1.077056941E+01   1.077056941E+01   6.053785328E+00   1.213047422E+01
  -4.186964307E+05   1.000000000E+00   0.000000000E+00   1.660325823E+04   1.074974266E+01   1.074974266E+01   6.080681287E+00   1.218446532E+01
  -4.167307197E+05   1.000000000E+00   0.000000000E+00   1.675698767E+04   1.072906752E+01   1.072906752E+01   6.107696740E+00   1.223869673E+01
  -4.147650088E+05   1.000000000E+00   0.000000000E+00   1.691214048E+04   1.070854424E+01   1.070854424E+01   6.134832218E+00   1.229316952E+01
  -4.127992978E+05   1.000000000E+00   0.000000000E+00   1.706872986E+04   1.068817306E+01   1.068817306E+01   6.162088255E+00   1.234788476E+01
  -4.108335869E+05   1.000000000E+00   0.000000000E+00   1.722676909E+04   1.066795416E+01   1.066795416E+01   6.189465385E+00   1.240284352E+01
  -4.088678760E+05   1.000000000E+00   0.000000000E+00   1.738627161E+04   1.064788769E+01   1.064788769E+01   6.216964148E+00   1.245804691E+01
  -4.069021650E+05   1.000000000E+00   0.000000000E+00   1.754725097E+04   1.062797375E+01   1.062797375E+01   6.244585083E+00   1.251349599E+01
  -4.049364541E+05   1.000000000E+00   0.000000000E+00   1.770972082E+04   1.060821242E+01   1.060821242E+01   6.272328734E+00   1.256919187E+01
  -4.029707431E+05   1.000000000E+00   0.000000000E+00   1.787369499E+04   1.058860372E+01   1.058860372E+01   6.300195645E+00   1.262513565E+01
  -4.010050322E+05   1.000000000E+00   0.000000000E+00   1.803918739E+04   1.056914763E+01   1.056914763E+01   6.328186363E+00   1.268132842E+01
  -3.990393212E+05   1.000000000E+00   0.000000000E+00   1.820621208E+04   1.054984408E+01   1.054984408E+01   6.356301440E+00   1.273777131E+01
  -3.970736103E+05   1.000000000E+00   0.000000000E+00   1.837478326E+04   1.053069297E+01   1.053069297E+01   6.384541428E+00   1.279446541E+01
  -3.951078994E+05   1.000000000E+00   0.000000000E+00   1.854491523E+04   1.051169415E+01   1.051169415E+01   6.412906881E+00   1.285141184E+01
  -3.931421884E+05   1.000000000E+00   0.000000000E+00   1.871662245E+04   1.049284741E+01   1.049284741E+01   6.441398357E+00   1.290861174E+01
  -3.911764775E+05   1.000000000E+00   0.000000000E+00   1.888991951E+04   1.047415250E+01   1.047415250E+01   6.470016416E+00   1.296606623E+01
  -3.892107665E+05   1.000000000E+00   0.000000000E+00   1.906482113E+04   1.045560911E+01   1.045560911E+01   6.498761620E+00   1.302377644E+01
  -3.872450556E+05   1.000000000E+00   0.000000000E+00   1.924134216E+04   1.043721691E+01   1.043721691E+01   6.527634534E+00   1.308174351E+01
  -3.852793446E+05   1.000000000E+00   0.000000000E+00   1.941949759E+04   1.041897548E+01   1.041897548E+01   6.556635726E+00   1.313996859E+01
  -3.833136337E+05   1.000000000E+00   0.000000000E+00   1.959930257E+04   1.040088436E+01   1.040088436E+01   6.585765766E+00   1.319845281E+01
  -3.813479228E+05   1.000000000E+00   0.000000000E+00   1.978077235E+04   1.038294304E+01   1.038294304E+01   6.615025225E+00   1.325719735E+01
  -3.793822118E+05   1.000000000E+00   0.000000000E+00   1.996392237E+04   1.036515095E+01   1.036515095E+01   6.644414679E+00   1.331620334E+01
  -3.774165009E+05   1.000000000E+00   0.000000000E+00   2.014876817E+04   1.034750747E+01   1.034750747E+01   6.673934706E+00   1.337547197E+01
  -3.754507899E+05   1.000000000E+00   0.000000000E+00   2.033532545E+04   1.033001190E+01   1.033001190E+01   6.703585885E+00   1.343500439E+01
  -3.734850790E+05   1.000000000E+00   0.000000000E+00   2.052361007E+04   1.031266351E+01   1.031266351E+01   6.733368799E+00   1.349480178E+01
  -3.715193681E+05   1.000000000E+00   0.000000000E+00   2.071363801E+04   1.029546148E+01   1.029546148E+01   6.763284034E+00   1.355486532E+01
  -3.695536571E+05   1.000000000E+00   0.000000000E+00   2.090542542E+04   1.027840495E+01   1.027840495E+01   6.793332178E+00   1.361519619E+01
  -3.675879462E+05   1.000000000E+00   0.000000000E+00   2.109898859E+04   1.026149297E+01   1.026149297E+01   6.823513820E+00   1.367579559E+01
  -3.656222352E+05   1.000000000E+00   0.000000000E+00   2.129434396E+04   1.024472456E+01   1.024472456E+01   6.853829554E+00   1.373666471E+01
  -3.636565243E+05   1.000000000E+00   0.000000000E+00   2.149150812E+04   1.022809863E+01   1.022809863E+01   6.884279976E+00   1.379780476E+01
  -3.616908133E+05   1.000000000E+00   0.000000000E+00   2.169049783E+04   1.021161406E+01   1.021161406E+01   6.914865684E+00   1.385921692E+01
  -3.597251024E+05   1.000000000E+00   0.000000000E+00   2.189132998E+04   1.019526964E+01   1.019526964E+01   6.945587279E+00   1.392090243E+01
  -3.577593915E+05   1.000000000E+00   0.000000000E+00   2.209402163E+04   1.017906408E+01   1.017906408E+01   6.976445366E+00   1.398286248E+01
  -3.557936805E+05   1.000000000E+00   0.000000000E+00   2.229859000E+04   1.016299604E+01   1.016299604E+01   7.007440549E+00   1.404509832E+01
  -3.538279696E+05   1.000000000E+00   0.000000000E+00   2.250505247E+04   1.014706408E+01   1.014706408E+01   7.038573439E+00   1.410761115E+01
  -3.518622586E+05   1.000000000E+00   0.000000000E+00   2.271342657E+04   1.013126670E+01   1.013126670E+01   7.069844648E+00   1.417040223E+01
  -3.498965477E+05   1.000000000E+00   0.000000000E+00   2.292373001E+04   1.011560232E+01   1.011560232E+01   7.101254789E+00   1.423347277E+01
  -3.479308367E+05   1.000000000E+00   0.000000000E+00   2.313598064E+04   1.010006928E+01   1.010006928E+01   7.132804480E+00   1.429682404E+01
  -3.459651258E+05   1.000000000E+00   0.000000000E+00   2.335019650E+04   1.008466582E+01   1.008466582E+01   7.164494341E+00   1.436045727E+01
  -3.439994149E+05   1.000000000E+00   0.000000000E+00   2.356639579E+04   1.006939012E+01   1.006939012E+01   7.196324995E+00   1.442437373E+01
  -3.420337039E+05   1.000000000E+00   0.000000000E+00   2.378459686E+04   1.005424028E+01   1.005424028E+01   7.228297067E+00   1.448857467E+01
  -3.400679930E+05   1.000000000E+00   0.000000000E+00   2.400481826E+04   1.003921427E+01   1.003921427E+01   7.260411185E+00   1.455306136E+01
  -3.381022820E+05   1.000000000E+00   0.000000000E+00   2.422707868E+04   1.002431002E+01   1.002431002E+01   7.292667982E+00   1.461783507E+01
  -3.361365711E+05   1.000000000E+00   0.000000000E+00   2.445139701E+04   1.000952535E+01   1.000952535E+01   7.325068090E+00   1.468289708E+01
  -3.341708602E+05   1.000000000E+00   0.000000000E+00   2.467779230E+04   9.994857967E+00   9.994857967E+00   7.357612146E+00   1.474824868E+01
  -3.322051492E+05   1.000000000E+00   0.000000000E+00   2.490628378E+04   9.980305517E+00   9.980305517E+00   7.390300790E+00   1.481389114E+01
  -3.302394383E+05   1.000000000E+00   0.000000000E+00   2.513689087E+04   9.965865531E+00   9.965865531E+00   7.423134664E+00   1.487982577E+01
  -3.282737273E+05   1.000000000E+00   0.000000000E+00   2.536963314E+04   9.951535443E+00   9.951535443E+00   7.456114414E+00   1.494605387E+01
  -3.263080164E+05   1.000000000E+00   0.000000000E+00   2.560453038E+04   9.937312588E+00   9.937312588E+00   7.489240687E+00   1.501257673E+01
  -3.243423054E+05   1.000000000E+00   0.000000000E+00   2.584160252E+04   9.923194197E+00   9.923194197E+00   7.522514135E+00   1.507939569E+01
  -3.223765945E+05   1.000000000E+00   0.000000000E+00   2.608086971E+04   9.909177398E+00   9.909177398E+00   7.555935411E+00   1.514651204E+01
  -3.204108836E+05   1.000000000E+00   0.000000000E+00   2.632235228E+04   9.895259209E+00   9.895259209E+00   7.589505172E+00   1.521392712E+01
  -3.184451726E+05   1.000000000E+00   0.000000000E+00   2.656607073E+04   9.881436540E+00   9.881436540E+00   7.623224078E+00   1.528164226E+01
  -3.164794617E+05   1.000000000E+00   0.000000000E+00   2.681204577E+04   9.867706190E+00   9.867706190E+00   7.657092792E+00   1.534965878E+01
  -3.145137507E+05   1.000000000E+00   0.000000000E+00   2.706029829E+04   9.854064844E+00   9.854064844E+00   7.691111978E+00   1.541797804E+01
  -3.125480398E+05   1.000000000E+00   0.000000000E+00   2.731084938E+04   9.837808676E+00   9.837808676E+00   7.725282307E+00   1.548660138E+01
  -3.105823288E+05   1.000000000E+00   0.000000000E+00   2.756372032E+04   9.820552102E+00   9.820552102E+00   7.759604448E+00   1.555553015E+01
  -3.086166179E+05   1.000000000E+00   0.000000000E+00   2.781893259E+04   9.803460892E+00   9.803460892E+00   7.794079077E+00   1.562476572E+01
  -3.066509070E+05   1.000000000E+00   0.000000000E+00   2.807650786E+04   9.786535857E+00   9.786535857E+00   7.828706871E+00   1.569430944E+01
  -3.046851960E+05   1.000000000E+00   0.000000000E+00   2.833646803E+04   9.769777788E+00   9.769777788E+00   7.863488510E+00   1.576416270E+01
  -3.027194851E+05   1.000000000E+00   0.000000000E+00   2.859883516E+04   9.753187449E+00   9.753187449E+00   7.898424678E+00   1.583432686E+01
  -3.007537741E+05   1.000000000E+00   0.000000000E+00   2.886363155E+04   9.736765582E+00   9.736765582E+00   7.933516062E+00   1.590480331E+01
  -2.987880632E+05   1.000000000E+00   0.000000000E+00   2.913087969E+04   9.720512899E+00   9.720512899E+00   7.968763351E+00   1.597559344E+01
  -2.968223523E+05   1.000000000E+00   0.000000000E+00   2.940060227E+04   9.704430090E+00   9.704430090E+00   8.004167238E+00   1.604669865E+01
  -2.948566413E+05   1.000000000E+00   0.000000000E+00   2.967282221E+04   9.688517815E+00   9.688517815E+00   8.039728419E+00   1.611812034E+01
  -2.928909304E+05   1.000000000E+00   0.000000000E+00   2.994756264E+04   9.672776707E+00   9.672776707E+00   8.075447592E+00   1.618985992E+01
  -2.909252194E+05   1.000000000E+00   0.000000000E+00   3.022484689E+04   9.657207371E+00   9.657207371E+00   8.111325459E+00   1.626191880E+01
  -2.889595085E+05   1.000000000E+00   0.000000000E+00   3.050469851E+04   9.641810379E+00   9.641810379E+00   8.147362726E+00   1.633429840E+01
  -2.869937975E+05   1.000000000E+00   0.000000000E+00   3.078714127E+04   9.626586277E+00   9.626586277E+00   8.183560100E+00   1.640700016E+01
  -2.850280866E+05   1.000000000E+00   0.000000000E+00   3.107219917E+04   9.611535576E+00   9.611535576E+00   8.219918293E+00   1.648002550E+01
  -2.830623757E+05   1.000000000E+00   0.000000000E+00   3.142522872E+04   9.593083904E+00   9.593083904E+00   8.265302251E+00   1.657120938E+01
  -2.810966647E+05   1.000000000E+00   0.000000000E+00   3.195000028E+04   9.566038352E+00   9.566038352E+00   8.333522736E+00   1.670833814E+01
  -2.791309538E+05   1.000000000E+00   0.000000000E+00   3.248353502E+04   9.539595016E+00   9.539595016E+00   8.402306301E+00   1.684660167E+01
  -2.771652428E+05   1.000000000E+00   0.000000000E+00   3.302597929E+04   9.513755955E+00   9.513755955E+00   8.471657595E+00   1.698600934E+01
  -2.751995319E+05   1.000000000E+00   0.000000000E+00   3.357748186E+04   9.488522787E+00   9.488522787E+00   8.541581303E+00   1.712657062E+01
  -2.732338209E+05   1.000000000E+00   0.000000000E+00   3.413819401E+04   9.463896658E+00   9.463896658E+00   8.612082151E+00   1.726829507E+01
  -2.712681100E+05   1.000000000E+00   0.000000000E+00   3.470826951E+04   9.439878227E+00   9.439878227E+00   8.683164901E+00   1.741119230E+01
  -2.693023991E+05   1.000000000E+00   0.000000000E+00   3.528786474E+04   9.416467640E+00   9.416467640E+00   8.754834357E+00   1.755527203E+01
  -2.673366881E+05   1.000000000E+00   0.000000000E+00   3.587713866E+04   9.393664506E+00   9.393664506E+00   8.827095361E+00   1.770054403E+01
  -2.653709772E+05   1.000000000E+00   0.000000000E+00   3.647625289E+04   9.371467872E+00   9.371467872E+00   8.899952796E+00   1.784701818E+01
  -2.634052662E+05   1.000000000E+00   0.000000000E+00   3.708537176E+04   9.349876199E+00   9.349876199E+00   8.973411584E+00   1.799470442E+01
  -2.614395553E+05   1.000000000E+00   0.000000000E+00   3.770466235E+04   9.328887333E+00   9.328887333E+00   9.047476690E+00   1.814361278E+01
  -2.594738444E+05   1.000000000E+00   0.000000000E+00   3.833429450E+04   9.308498482E+00   9.308498482E+00   9.122153117E+00   1.829375337E+01
  -2.575081334E+05   1.000000000E+00   0.000000000E+00   3.897444090E+04   9.288706181E+00   9.288706181E+00   9.197445911E+00   1.844513640E+01
  -2.555424225E+05   1.000000000E+00   0.000000000E+00   3.962527715E+04   9.269506270E+00   9.269506270E+00   9.273360161E+00   1.859777214E+01
  -2.535767115E+05   1.000000000E+00   0.000000000E+00   4.028698175E+04   9.250893860E+00   9.250893860E+00   9.349900994E+00   1.875167096E+01
  -2.516110006E+05   1.000000000E+00   0.000000000E+00   4.095973619E+04   9.232863302E+00   9.232863302E+00   9.427073583E+00   1.890684331E+01
  -2.496452896E+05   1.000000000E+00   0.000000000E+00   4.164372499E+04   9.215408155E+00   9.215408155E+00   9.504883142E+00   1.906329973E+01
  -2.476795787E+05   1.000000000E+00   0.000000000E+00   4.233913575E+04   9.198521156E+00   9.198521156E+00   9.583334929E+00   1.922105084E+01
  -2.457138678E+05   1.000000000E+00   0.000000000E+00   4.304615921E+04   9.182194179E+00   9.182194179E+00   9.662434245E+00   1.938010737E+01
  -2.437481568E+05   1.000000000E+00   0.000000000E+00   4.376498930E+04   9.166418209E+00   9.166418209E+00   9.742186433E+00   1.954048011E+01
  -2.417824459E+05   1.000000000E+00   0.000000000E+00   4.449582317E+04   9.151183296E+00   9.151183296E+00   9.822596884E+00   1.970217995E+01
  -2.398167349E+05   1.000000000E+00   0.000000000E+00   4.523886127E+04   9.136478526E+00   9.136478526E+00   9.903671029E+00   1.986521788E+01
  -2.378510240E+05   1.000000000E+00   0.000000000E+00   4.599430741E+04   9.122291973E+00   9.122291973E+00   9.985414348E+00   2.002960496E+01
  -2.358853130E+05   1.000000000E+00   0.000000000E+00   4.676236878E+04   9.108610670E+00   9.108610670E+00   1.006783236E+01   2.019535237E+01
  -2.339196021E+05   1.000000000E+00   0.000000000E+00   4.754325604E+04   9.095420557E+00   9.095420557E+00   1.015093064E+01   2.036247136E+01
  -2.319538912E+05   1.000000000E+00   0.000000000E+00   4.833718339E+04   9.082706445E+00   9.082706445E+00   1.023471480E+01   2.053097328E+01
  -2.299881802E+05   1.000000000E+00   0.000000000E+00   4.914436857E+04   9.070451970E+00   9.070451970E+00   1.031919050E+01   2.070086957E+01
  -2.280224693E+05   1.000000000E+00   0.000000000E+00   4.996503298E+04   9.058639550E+00   9.058639550E+00   1.040436345E+01   2.087217177E+01
  -2.260567583E+05   1.000000000E+00   0.000000000E+00   5.079940170E+04   9.047250332E+00   9.047250332E+00   1.049023941E+01   2.104489152E+01
  -2.240910474E+05   1.000000000E+00   0.000000000E+00   5.164770360E+04   9.036264150E+00   9.036264150E+00   1.057682417E+01   2.121904055E+01
  -2.221253365E+05   1.000000000E+00   0.000000000E+00   5.251017133E+04   9.025659475E+00   9.025659475E+00   1.066412358E+01   2.139463068E+01
  -2.201596255E+05   1.000000000E+00   0.000000000E+00   5.338704145E+04   9.015413360E+00   9.015413360E+00   1.075214356E+01   2.157167385E+01
  -2.181939146E+05   1.000000000E+00   0.000000000E+00   5.427855448E+04   9.005501388E+00   9.005501388E+00   1.084089003E+01   2.175018206E+01
  -2.162282036E+05   1.000000000E+00   0.000000000E+00   5.518495493E+04   8.995897622E+00   8.995897622E+00   1.093036901E+01   2.193016745E+01
  -2.142624927E+05   1.000000000E+00   0.000000000E+00   5.610649141E+04   8.986574542E+00   8.986574542E+00   1.102058653E+01   2.211164225E+01
  -2.122967817E+05   1.000000000E+00   0.000000000E+00   5.704341667E+04   8.977502993E+00   8.977502993E+00   1.111154869E+01   2.229461877E+01
  -2.103310708E+05   1.000000000E+00   0.000000000E+00   5.799598770E+04   8.968652121E+00   8.968652121E+00   1.120326163E+01   2.247910944E+01
  -2.083653599E+05   1.000000000E+00   0.000000000E+00   5.896446576E+04   8.959989316E+00   8.959989316E+00   1.129573157E+01   2.266512680E+01
  -2.063996489E+05   1.000000000E+00   0.000000000E+00   5.994911649E+04   8.951480145E+00   8.951480145E+00   1.138896473E+01   2.285268347E+01
  -2.044339380E+05   1.000000000E+00   0.000000000E+00   6.095020996E+04   8.943088285E+00   8.943088285E+00   1.148296742E+01   2.304179219E+01
  -2.024682270E+05   1.000000000E+00   0.000000000E+00   6.196802073E+04   8.934775464E+00   8.934775464E+00   1.157774600E+01   2.323246581E+01
  -2.005025161E+05   1.000000000E+00   0.000000000E+00   6.300282799E+04   8.926501381E+00   8.926501381E+00   1.167330687E+01   2.342471729E+01
  -1.985368052E+05   1.000000000E+00   0.000000000E+00   6.405491554E+04   8.918223644E+00   8.918223644E+00   1.176965648E+01   2.361855966E+01
  -1.965710942E+05   1.000000000E+00   0.000000000E+00   6.512457196E+04   8.903780342E+00   8.903780342E+00   1.186680134E+01   2.381400610E+01
  -1.946053833E+05   1.000000000E+00   0.000000000E+00   6.621209063E+04   8.887300656E+00   8.887300656E+00   1.196474803E+01   2.401106989E+01
  -1.926396723E+05   1.000000000E+00   0.000000000E+00   6.731776983E+04   8.871066631E+00   8.871066631E+00   1.206350314E+01   2.420976440E+01
  -1.906739614E+05   1.000000000E+00   0.000000000E+00   6.844191282E+04   8.855080556E+00   8.855080556E+00   1.216307337E+01   2.441010314E+01
  -1.887082504E+05   1.000000000E+00   0.000000000E+00   6.958482794E+04   8.839344591E+00   8.839344591E+00   1.226346544E+01   2.461209970E+01
  -1.867425395E+05   1.000000000E+00   0.000000000E+00   7.074682866E+04   8.823860762E+00   8.823860762E+00   1.236468612E+01   2.481576781E+01
  -1.847768286E+05   1.000000000E+00   0.000000000E+00   7.192823369E+04   8.808630950E+00   8.808630950E+00   1.246674226E+01   2.502112129E+01
  -1.828111176E+05   1.000000000E+00   0.000000000E+00   7.312936707E+04   8.793656887E+00   8.793656887E+00   1.256964076E+01   2.522817411E+01
  -1.808454067E+05   1.000000000E+00   0.000000000E+00   7.435055823E+04   8.778940144E+00   8.778940144E+00   1.267338857E+01   2.543694030E+01
  -1.788796957E+05   1.000000000E+00   0.000000000E+00   7.559214213E+04   8.764482128E+00   8.764482128E+00   1.277799269E+01   2.564743407E+01
  -1.769139848E+05   1.000000000E+00   0.000000000E+00   7.685445931E+04   8.750284066E+00   8.750284066E+00   1.288346021E+01   2.585966969E+01
  -1.749482738E+05   1.000000000E+00   0.000000000E+00   7.813785598E+04   8.736347004E+00   8.736347004E+00   1.298979823E+01   2.607366159E+01
  -1.729825629E+05   1.000000000E+00   0.000000000E+00   7.944268417E+04   8.722671791E+00   8.722671791E+00   1.309701395E+01   2.628942430E+01
  -1.710168520E+05   1.000000000E+00   0.000000000E+00   8.076930175E+04   8.709259074E+00   8.709259074E+00   1.320511461E+01   2.650697248E+01
  -1.690511410E+05   1.000000000E+00   0.000000000E+00   8.211807259E+04   8.696109286E+00   8.696109286E+00   1.331410751E+01   2.672632089E+01
  -1.670854301E+05   1.000000000E+00   0.000000000E+00   8.348936662E+04   8.683222636E+00   8.683222636E+00   1.342400003E+01   2.694748443E+01
  -1.651197191E+05   1.000000000E+00   0.000000000E+00   8.488355997E+04   8.670599099E+00   8.670599099E+00   1.353479958E+01   2.717047813E+01
  -1.631540082E+05   1.000000000E+00   0.000000000E+00   8.630103502E+04   8.658238404E+00   8.658238404E+00   1.364651366E+01   2.739531713E+01
  -1.611882973E+05   1.000000000E+00   0.000000000E+00   8.774218056E+04   8.646140024E+00   8.646140024E+00   1.375914980E+01   2.762201670E+01
  -1.592225863E+05   1.000000000E+00   0.000000000E+00   8.920739187E+04   8.634303164E+00   8.634303164E+00   1.387271562E+01   2.785059224E+01
  -1.572568754E+05   1.000000000E+00   0.000000000E+00   9.069707082E+04   8.622726748E+00   8.622726748E+00   1.398721880E+01   2.808105926E+01
  -1.552911644E+05   1.000000000E+00   0.000000000E+00   9.221162600E+04   8.611409408E+00   8.611409408E+00   1.410266707E+01   2.831343343E+01
  -1.533254535E+05   1.000000000E+00   0.000000000E+00   9.375147282E+04   8.600349469E+00   8.600349469E+00   1.421906823E+01   2.854773052E+01
  -1.513597425E+05   1.000000000E+00   0.000000000E+00   9.531703362E+04   8.589544938E+00   8.589544938E+00   1.433643015E+01   2.878396645E+01
  -1.493940316E+05   1.000000000E+00   0.000000000E+00   9.690873780E+04   8.578993490E+00   8.578993490E+00   1.445476075E+01   2.902215726E+01
  -1.474283207E+05   1.000000000E+00   0.000000000E+00   9.852702193E+04   8.568692452E+00   8.568692452E+00   1.457406804E+01   2.926231913E+01
  -1.454626097E+05   1.000000000E+00   0.000000000E+00   1.001723299E+05   8.558638789E+00   8.558638789E+00   1.469436007E+01   2.950446837E+01
  -1.434968988E+05   1.000000000E+00   0.000000000E+00   1.025276699E+05   8.545030236E+00   8.545030236E+00   1.486370583E+01   2.984597083E+01
  -1.415311878E+05   1.000000000E+00   0.000000000E+00   1.056246592E+05   8.528339456E+00   8.528339456E+00   1.508259735E+01   3.028783753E+01
  -1.395654769E+05   1.000000000E+00   0.000000000E+00   1.088151972E+05   8.512377412E+00   8.512377412E+00   1.530471240E+01   3.073624602E+01
  -1.375997659E+05   1.000000000E+00   0.000000000E+00   1.121021099E+05   8.497114070E+00   8.497114070E+00   1.553009844E+01   3.119129316E+01
  -1.356340550E+05   1.000000000E+00   0.000000000E+00   1.154883083E+05   8.482514615E+00   8.482514615E+00   1.575880365E+01   3.165307723E+01
  -1.336683441E+05   1.000000000E+00   0.000000000E+00   1.189767914E+05   8.468539121E+00   8.468539121E+00   1.599087690E+01   3.212169797E+01
  -1.317026331E+05   1.000000000E+00   0.000000000E+00   1.225706490E+05   8.455142186E+00   8.455142186E+00   1.622636779E+01   3.259725659E+01
  -1.297369222E+05   1.000000000E+00   0.000000000E+00   1.262730639E+05   8.442272558E+00   8.442272558E+00   1.646532666E+01   3.307985581E+01
  -1.277712112E+05   1.000000000E+00   0.000000000E+00   1.300873155E+05   8.429872732E+00   8.429872732E+00   1.670780458E+01   3.356959986E+01
  -1.258055003E+05   1.000000000E+00   0.000000000E+00   1.340167817E+05   8.417878532E+00   8.417878532E+00   1.695385337E+01   3.406659453E+01
  -1.238397894E+05   1.000000000E+00   0.000000000E+00   1.380649428E+05   8.406218661E+00   8.406218661E+00   1.720352561E+01   3.457094716E+01
  -1.218740784E+05   1.000000000E+00   0.000000000E+00   1.422353843E+05   8.394814232E+00   8.394814232E+00   1.745687467E+01   3.508276668E+01
  -1.199083675E+05   1.000000000E+00   0.000000000E+00   1.465317996E+05   8.383578274E+00   8.383578274E+00   1.771395470E+01   3.560216363E+01
  -1.179426565E+05   1.000000000E+00   0.000000000E+00   1.509579941E+05   8.372415207E+00   8.372415207E+00   1.797482063E+01   3.612925021E+01
  -1.159769456E+05   1.000000000E+00   0.000000000E+00   1.555178879E+05   8.361220289E+00   8.361220289E+00   1.823952823E+01   3.666414025E+01
  -1.140112346E+05   1.000000000E+00   0.000000000E+00   1.602155195E+05   8.349879036E+00   8.349879036E+00   1.850813407E+01   3.720694929E+01
  -1.120455237E+05   1.000000000E+00   0.000000000E+00   1.650550496E+05   8.334183169E+00   8.334183169E+00   1.878069555E+01   3.775779456E+01
  -1.100798128E+05   1.000000000E+00   0.000000000E+00   1.700407643E+05   8.316619746E+00   8.316619746E+00   1.905727092E+01   3.831679505E+01
  -1.081141018E+05   1.000000000E+00   0.000000000E+00   1.751770793E+05   8.299376058E+00   8.299376058E+00   1.933791931E+01   3.888407148E+01
  -1.061483909E+05   1.000000000E+00   0.000000000E+00   1.804685439E+05   8.282451402E+00   8.282451402E+00   1.962270069E+01   3.945974638E+01
  -1.041826799E+05   1.000000000E+00   0.000000000E+00   1.859198444E+05   8.265843893E+00   8.265843893E+00   1.991167592E+01   4.004394410E+01
  -1.022169690E+05   1.000000000E+00   0.000000000E+00   1.915358089E+05   8.249550364E+00   8.249550364E+00   2.020490677E+01   4.063679081E+01
  -1.002512580E+05   1.000000000E+00   0.000000000E+00   1.973214114E+05   8.233566266E+00   8.233566266E+00   2.050245590E+01   4.123841455E+01
  -9.828554710E+04   1.000000000E+00   0.000000000E+00   2.032817759E+05   8.217885555E+00   8.217885555E+00   2.080438692E+01   4.184894527E+01
  -9.631983616E+04   1.000000000E+00   0.000000000E+00   2.094221815E+05   8.202500579E+00   8.202500579E+00   2.111076435E+01   4.246851485E+01
  -9.435412522E+04   1.000000000E+00   0.000000000E+00   2.157480664E+05   8.187401951E+00   8.187401951E+00   2.142165366E+01   4.309725709E+01
  -9.238841428E+04   1.000000000E+00   0.000000000E+00   2.222650334E+05   8.172578423E+00   8.172578423E+00   2.173712132E+01   4.373530780E+01
  -9.042270334E+04   1.000000000E+00   0.000000000E+00   2.289788543E+05   8.158016748E+00   8.158016748E+00   2.205723473E+01   4.438280478E+01
  -8.845699239E+04   1.000000000E+00   0.000000000E+00   2.358954754E+05   8.143701532E+00   8.143701532E+00   2.238206232E+01   4.503988790E+01
  -8.649128145E+04   1.000000000E+00   0.000000000E+00   2.430210226E+05   8.129615081E+00   8.129615081E+00   2.271167350E+01   4.570669907E+01
  -8.452557051E+04   1.000000000E+00   0.000000000E+00   2.503618067E+05   8.115737240E+00   8.115737240E+00   2.304613873E+01   4.638338232E+01
  -8.255985957E+04   1.000000000E+00   0.000000000E+00   2.579243294E+05   8.102045218E+00   8.102045218E+00   2.338552949E+01   4.707008379E+01
  -8.059414863E+04   1.000000000E+00   0.000000000E+00   2.657152884E+05   8.088513410E+00   8.088513410E+00   2.372991832E+01   4.776695181E+01
  -7.862843768E+04   1.000000000E+00   0.000000000E+00   2.737415840E+05   8.075113203E+00   8.075113203E+00   2.407937881E+01   4.847413690E+01
  -7.666272674E+04   1.000000000E+00   0.000000000E+00   2.820103249E+05   8.061812772E+00   8.061812772E+00   2.443398566E+01   4.919179179E+01
  -7.469701580E+04   1.000000000E+00   0.000000000E+00   2.905288345E+05   8.048576870E+00   8.048576870E+00   2.479381465E+01   4.992007149E+01
  -7.273130486E+04   1.000000000E+00   0.000000000E+00   2.993046574E+05   8.035366598E+00   8.035366598E+00   2.515894270E+01   5.065913331E+01
  -7.076559391E+04   1.000000000E+00   0.000000000E+00   3.083455661E+05   8.021473558E+00   8.021473558E+00   2.552944783E+01   5.140913686E+01
  -6.879988297E+04   1.000000000E+00   0.000000000E+00   3.176595679E+05   8.006532006E+00   8.006532006E+00   2.590540923E+01   5.217024414E+01
  -6.683417203E+04   1.000000000E+00   0.000000000E+00   3.281728661E+05   7.990380080E+00   7.990380080E+00   2.632287399E+01   5.301638054E+01
  -6.486846109E+04   1.000000000E+00   0.000000000E+00   3.461995816E+05   7.964329964E+00   7.964329964E+00   2.702152975E+01   5.443923037E+01
  -6.290275015E+04   1.000000000E+00   0.000000000E+00   3.652165146E+05   7.938782335E+00   7.938782335E+00   2.773872907E+01   5.590026656E+01
  -6.093703920E+04   1.000000000E+00   0.000000000E+00   3.852780580E+05   7.913710990E+00   7.913710990E+00   2.847496413E+01   5.740051392E+01
  -5.897132826E+04   1.000000000E+00   0.000000000E+00   4.064415931E+05   7.889078423E+00   7.889078423E+00   2.923074018E+01   5.894102482E+01
  -5.700561732E+04   1.000000000E+00   0.000000000E+00   4.287676528E+05   7.864834255E+00   7.864834255E+00   3.000657586E+01   6.052287984E+01
  -5.503990638E+04   1.000000000E+00   0.000000000E+00   4.523200951E+05   7.840913510E+00   7.840913510E+00   3.080300360E+01   6.214718857E+01
  -5.307419544E+04   1.000000000E+00   0.000000000E+00   4.771662861E+05   7.817234698E+00   7.817234698E+00   3.162056994E+01   6.381509038E+01
  -5.110848449E+04   1.000000000E+00   0.000000000E+00   5.033772919E+05   7.793201872E+00   7.793201872E+00   3.245983594E+01   6.552775523E+01
  -4.914277355E+04   1.000000000E+00   0.000000000E+00   5.310280827E+05   7.768353442E+00   7.768353442E+00   3.332137756E+01   6.728638445E+01
  -4.717706261E+04   1.000000000E+00   0.000000000E+00   5.601977466E+05   7.743887672E+00   7.743887672E+00   3.420578601E+01   6.909221163E+01
  -4.521135167E+04   1.000000000E+00   0.000000000E+00   5.909697161E+05   7.719782983E+00   7.719782983E+00   3.511366823E+01   7.094650348E+01
  -4.324564073E+04   1.000000000E+00   0.000000000E+00   6.234320067E+05   7.696008340E+00   7.696008340E+00   3.604564726E+01   7.285056068E+01
  -4.127992978E+04   1.000000000E+00   0.000000000E+00   6.576774689E+05   7.672521934E+00   7.672521934E+00   3.700236266E+01   7.480571883E+01
  -3.931421884E+04   1.000000000E+00   0.000000000E+00   6.938040530E+05   7.649269727E+00   7.649269727E+00   3.798447098E+01   7.681334938E+01
  -3.734850790E+04   1.000000000E+00   0.000000000E+00   7.319150902E+05   7.626183845E+00   7.626183845E+00   3.899264621E+01   7.887486057E+01
  -3.538279696E+04   1.000000000E+00   0.000000000E+00   7.721195876E+05   7.602216971E+00   7.602216971E+00   4.002758019E+01   8.099169845E+01
  -3.341708602E+04   1.000000000E+00   0.000000000E+00   8.145325401E+05   7.578549664E+00   7.578549664E+00   4.108998315E+01   8.316534787E+01
  -3.145137507E+04   1.000000000E+00   0.000000000E+00   8.592752593E+05   7.555158127E+00   7.555158127E+00   4.218058417E+01   8.539733355E+01
  -2.948566413E+04   1.000000000E+00   0.000000000E+00   9.064757206E+05   7.531999156E+00   7.531999156E+00   4.330013168E+01   8.768922109E+01
  -2.751995319E+04   1.000000000E+00   0.000000000E+00   9.562689292E+05   7.509017581E+00   7.509017581E+00   4.444939397E+01   9.004261815E+01
  -2.555424225E+04   1.000000000E+00   0.000000000E+00   1.008797306E+06   7.486144695E+00   7.486144695E+00   4.562915971E+01   9.245917551E+01
  -2.358853130E+04   1.000000000E+00   0.000000000E+00   1.073248815E+06   7.458871480E+00   7.458871480E+00   4.703682872E+01   9.535114475E+01
  -2.162282036E+04   1.000000000E+00   0.000000000E+00   1.181495167E+06   7.416712772E+00   7.416712772E+00   4.931521118E+01   1.000625357E+02
  -1.965710942E+04   1.000000000E+00   0.000000000E+00   1.300659092E+06   7.375029062E+00   7.375029062E+00   5.170395454E+01   1.050067209E+02
  -1.769139848E+04   1.000000000E+00   0.000000000E+00   1.431841722E+06   7.333003783E+00   7.333003783E+00   5.420840448E+01   1.101952031E+02
  -1.572568754E+04   1.000000000E+00   0.000000000E+00   1.576255245E+06   7.291045051E+00   7.291045051E+00   5.683416563E+01   1.156400531E+02
  -1.375997659E+04   1.000000000E+00   0.000000000E+00   1.735234111E+06   7.249179265E+00   7.249179265E+00   5.958711411E+01   1.213539383E+02
  -1.179426565E+04   1.000000000E+00   0.000000000E+00   1.910247360E+06   7.206355621E+00   7.206355621E+00   6.247341064E+01   1.273501521E+02
  -9.828554710E+03   1.000000000E+00   0.000000000E+00   2.102912197E+06   7.163663115E+00   7.163663115E+00   6.549951437E+01   1.336426445E+02
  -7.862843768E+03   1.000000000E+00   0.000000000E+00   2.315008935E+06   7.120622670E+00   7.120622670E+00   6.867219732E+01   1.402460549E+02
  -5.897132826E+03   1.000000000E+00   0.000000000E+00   2.548497450E+06   7.077585821E+00   7.077585821E+00   7.199855953E+01   1.471757461E+02
  -3.931421884E+03   1.000000000E+00   0.000000000E+00   2.805535284E+06   7.033817241E+00   7.033817241E+00   7.548604496E+01   1.544478400E+02
  -1.965710942E+03   1.000000000E+00   0.000000000E+00   3.399999072E+06   6.945278042E+00   6.945278042E+00   8.297598164E+01   1.700877454E+02
