! Initial radius: 3.9811E+00 AU
! Number of timesteps:     656
!    Time (yr)         Radius (AU)        v (km/s)         nH (cm-3)           Td (K)           Tg (K)           Avrad (mag)       Avobs (mag)
  -9.828554710E+05   3.981071706E+00   0.000000000E+00   3.000000000E+03   1.483461070E+01   1.483461070E+01   2.998242816E+00   6.001030599E+00
  -9.808897601E+05   3.981071706E+00   0.000000000E+00   3.015426457E+03   1.482305061E+01   1.482305061E+01   3.004124214E+00   6.012823264E+00
  -9.789240492E+05   3.981071706E+00   0.000000000E+00   3.030932252E+03   1.481148373E+01   1.481148373E+01   3.010017150E+00   6.024639103E+00
  -9.769583382E+05   3.981071706E+00   0.000000000E+00   3.046517779E+03   1.479991014E+01   1.479991014E+01   3.015921645E+00   6.036478161E+00
  -9.749926273E+05   3.981071706E+00   0.000000000E+00   3.062183450E+03   1.478832990E+01   1.478832990E+01   3.021837722E+00   6.048340485E+00
  -9.730269163E+05   3.981071706E+00   0.000000000E+00   3.077929676E+03   1.477674310E+01   1.477674310E+01   3.027765404E+00   6.060226119E+00
  -9.710612054E+05   3.981071706E+00   0.000000000E+00   3.093756871E+03   1.476514979E+01   1.476514979E+01   3.033704714E+00   6.072135109E+00
  -9.690954944E+05   3.981071706E+00   0.000000000E+00   3.109665453E+03   1.475355006E+01   1.475355006E+01   3.039655675E+00   6.084067502E+00
  -9.671297835E+05   3.981071706E+00   0.000000000E+00   3.125655839E+03   1.474194398E+01   1.474194398E+01   3.045618310E+00   6.096023343E+00
  -9.651640726E+05   3.981071706E+00   0.000000000E+00   3.141728449E+03   1.473033161E+01   1.473033161E+01   3.051592640E+00   6.108002679E+00
  -9.631983616E+05   3.981071706E+00   0.000000000E+00   3.157883708E+03   1.471871305E+01   1.471871305E+01   3.057578690E+00   6.120005556E+00
  -9.612326507E+05   3.981071706E+00   0.000000000E+00   3.174122040E+03   1.470708835E+01   1.470708835E+01   3.063576483E+00   6.132032019E+00
  -9.592669397E+05   3.981071706E+00   0.000000000E+00   3.190443872E+03   1.469545760E+01   1.469545760E+01   3.069586040E+00   6.144082116E+00
  -9.573012288E+05   3.981071706E+00   0.000000000E+00   3.206849633E+03   1.468382088E+01   1.468382088E+01   3.075607387E+00   6.156155893E+00
  -9.553355179E+05   3.981071706E+00   0.000000000E+00   3.223339755E+03   1.467217826E+01   1.467217826E+01   3.081640544E+00   6.168253395E+00
  -9.533698069E+05   3.981071706E+00   0.000000000E+00   3.239914672E+03   1.466052981E+01   1.466052981E+01   3.087685537E+00   6.180374671E+00
  -9.514040960E+05   3.981071706E+00   0.000000000E+00   3.256574819E+03   1.464887562E+01   1.464887562E+01   3.093742387E+00   6.192519766E+00
  -9.494383850E+05   3.981071706E+00   0.000000000E+00   3.273320636E+03   1.463721577E+01   1.463721577E+01   3.099811119E+00   6.204688728E+00
  -9.474726741E+05   3.981071706E+00   0.000000000E+00   3.290152563E+03   1.462555034E+01   1.462555034E+01   3.105891755E+00   6.216881603E+00
  -9.455069631E+05   3.981071706E+00   0.000000000E+00   3.307071041E+03   1.461387940E+01   1.461387940E+01   3.111984319E+00   6.229098438E+00
  -9.435412522E+05   3.981071706E+00   0.000000000E+00   3.324076518E+03   1.460220304E+01   1.460220304E+01   3.118088834E+00   6.241339280E+00
  -9.415755413E+05   3.981071706E+00   0.000000000E+00   3.341169439E+03   1.459052133E+01   1.459052133E+01   3.124205324E+00   6.253604178E+00
  -9.396098303E+05   3.981071706E+00   0.000000000E+00   3.358350254E+03   1.457883437E+01   1.457883437E+01   3.130333812E+00   6.265893177E+00
  -9.376441194E+05   3.981071706E+00   0.000000000E+00   3.375619416E+03   1.456714223E+01   1.456714223E+01   3.136474322E+00   6.278206325E+00
  -9.356784084E+05   3.981071706E+00   0.000000000E+00   3.392977379E+03   1.455544501E+01   1.455544501E+01   3.142626878E+00   6.290543670E+00
  -9.337126975E+05   3.981071706E+00   0.000000000E+00   3.410424599E+03   1.454374277E+01   1.454374277E+01   3.148791502E+00   6.302905259E+00
  -9.317469865E+05   3.981071706E+00   0.000000000E+00   3.427961535E+03   1.453203561E+01   1.453203561E+01   3.154968219E+00   6.315291140E+00
  -9.297812756E+05   3.981071706E+00   0.000000000E+00   3.445588650E+03   1.452032362E+01   1.452032362E+01   3.161157052E+00   6.327701360E+00
  -9.278155647E+05   3.981071706E+00   0.000000000E+00   3.463306405E+03   1.450860687E+01   1.450860687E+01   3.167358025E+00   6.340135968E+00
  -9.258498537E+05   3.981071706E+00   0.000000000E+00   3.481115268E+03   1.449688546E+01   1.449688546E+01   3.173571162E+00   6.352595011E+00
  -9.238841428E+05   3.981071706E+00   0.000000000E+00   3.499015707E+03   1.448515948E+01   1.448515948E+01   3.179796487E+00   6.365078538E+00
  -9.219184318E+05   3.981071706E+00   0.000000000E+00   3.517008193E+03   1.447342901E+01   1.447342901E+01   3.186034024E+00   6.377586596E+00
  -9.199527209E+05   3.981071706E+00   0.000000000E+00   3.535093198E+03   1.446169414E+01   1.446169414E+01   3.192283796E+00   6.390119233E+00
  -9.179870100E+05   3.981071706E+00   0.000000000E+00   3.553271200E+03   1.444995496E+01   1.444995496E+01   3.198545828E+00   6.402676499E+00
  -9.160212990E+05   3.981071706E+00   0.000000000E+00   3.571542676E+03   1.443821157E+01   1.443821157E+01   3.204820144E+00   6.415258441E+00
  -9.140555881E+05   3.981071706E+00   0.000000000E+00   3.589908107E+03   1.442646405E+01   1.442646405E+01   3.211106767E+00   6.427865108E+00
  -9.120898771E+05   3.981071706E+00   0.000000000E+00   3.608367976E+03   1.441471250E+01   1.441471250E+01   3.217405722E+00   6.440496548E+00
  -9.101241662E+05   3.981071706E+00   0.000000000E+00   3.626922768E+03   1.440295700E+01   1.440295700E+01   3.223717034E+00   6.453152811E+00
  -9.081584552E+05   3.981071706E+00   0.000000000E+00   3.645572972E+03   1.439119766E+01   1.439119766E+01   3.230040726E+00   6.465833944E+00
  -9.061927443E+05   3.981071706E+00   0.000000000E+00   3.664319078E+03   1.437943457E+01   1.437943457E+01   3.236376822E+00   6.478539997E+00
  -9.042270334E+05   3.981071706E+00   0.000000000E+00   3.683161579E+03   1.436766781E+01   1.436766781E+01   3.242725348E+00   6.491271019E+00
  -9.022613224E+05   3.981071706E+00   0.000000000E+00   3.702100972E+03   1.435589750E+01   1.435589750E+01   3.249086326E+00   6.504027059E+00
  -9.002956115E+05   3.981071706E+00   0.000000000E+00   3.721137754E+03   1.434412372E+01   1.434412372E+01   3.255459783E+00   6.516808165E+00
  -8.983299005E+05   3.981071706E+00   0.000000000E+00   3.740272426E+03   1.433234657E+01   1.433234657E+01   3.261845742E+00   6.529614388E+00
  -8.963641896E+05   3.981071706E+00   0.000000000E+00   3.759505491E+03   1.432056615E+01   1.432056615E+01   3.268244228E+00   6.542445777E+00
  -8.943984786E+05   3.981071706E+00   0.000000000E+00   3.778837456E+03   1.430878256E+01   1.430878256E+01   3.274655265E+00   6.555302380E+00
  -8.924327677E+05   3.981071706E+00   0.000000000E+00   3.798268829E+03   1.429699590E+01   1.429699590E+01   3.281078878E+00   6.568184248E+00
  -8.904670568E+05   3.981071706E+00   0.000000000E+00   3.817800121E+03   1.428520626E+01   1.428520626E+01   3.287515091E+00   6.581091431E+00
  -8.885013458E+05   3.981071706E+00   0.000000000E+00   3.837431846E+03   1.427341376E+01   1.427341376E+01   3.293963931E+00   6.594023977E+00
  -8.865356349E+05   3.981071706E+00   0.000000000E+00   3.857164521E+03   1.426161848E+01   1.426161848E+01   3.300425420E+00   6.606981937E+00
  -8.845699239E+05   3.981071706E+00   0.000000000E+00   3.876998664E+03   1.424982054E+01   1.424982054E+01   3.306899584E+00   6.619965361E+00
  -8.826042130E+05   3.981071706E+00   0.000000000E+00   3.896934797E+03   1.423802004E+01   1.423802004E+01   3.313386448E+00   6.632974299E+00
  -8.806385021E+05   3.981071706E+00   0.000000000E+00   3.916973445E+03   1.422621707E+01   1.422621707E+01   3.319886037E+00   6.646008801E+00
  -8.786727911E+05   3.981071706E+00   0.000000000E+00   3.937115134E+03   1.421441176E+01   1.421441176E+01   3.326398375E+00   6.659068917E+00
  -8.767070802E+05   3.981071706E+00   0.000000000E+00   3.957360396E+03   1.420260419E+01   1.420260419E+01   3.332923488E+00   6.672154697E+00
  -8.747413692E+05   3.981071706E+00   0.000000000E+00   3.977709762E+03   1.419079449E+01   1.419079449E+01   3.339461401E+00   6.685266193E+00
  -8.727756583E+05   3.981071706E+00   0.000000000E+00   3.998163767E+03   1.417898275E+01   1.417898275E+01   3.346012139E+00   6.698403453E+00
  -8.708099473E+05   3.981071706E+00   0.000000000E+00   4.018722950E+03   1.416716909E+01   1.416716909E+01   3.352575727E+00   6.711566530E+00
  -8.688442364E+05   3.981071706E+00   0.000000000E+00   4.039387852E+03   1.415535361E+01   1.415535361E+01   3.359152190E+00   6.724755474E+00
  -8.668785255E+05   3.981071706E+00   0.000000000E+00   4.060159015E+03   1.414353642E+01   1.414353642E+01   3.365741553E+00   6.737970336E+00
  -8.649128145E+05   3.981071706E+00   0.000000000E+00   4.081036988E+03   1.413171764E+01   1.413171764E+01   3.372343842E+00   6.751211166E+00
  -8.629471036E+05   3.981071706E+00   0.000000000E+00   4.102022318E+03   1.411989738E+01   1.411989738E+01   3.378959083E+00   6.764478016E+00
  -8.609813926E+05   3.981071706E+00   0.000000000E+00   4.123115558E+03   1.410807575E+01   1.410807575E+01   3.385587300E+00   6.777770936E+00
  -8.590156817E+05   3.981071706E+00   0.000000000E+00   4.144317263E+03   1.409625285E+01   1.409625285E+01   3.392228519E+00   6.791089979E+00
  -8.570499707E+05   3.981071706E+00   0.000000000E+00   4.165627990E+03   1.408442882E+01   1.408442882E+01   3.398882765E+00   6.804435195E+00
  -8.550842598E+05   3.981071706E+00   0.000000000E+00   4.187048300E+03   1.407260375E+01   1.407260375E+01   3.405550065E+00   6.817806636E+00
  -8.531185489E+05   3.981071706E+00   0.000000000E+00   4.208578757E+03   1.406077778E+01   1.406077778E+01   3.412230443E+00   6.831204352E+00
  -8.511528379E+05   3.981071706E+00   0.000000000E+00   4.230219927E+03   1.404895100E+01   1.404895100E+01   3.418923926E+00   6.844628397E+00
  -8.491871270E+05   3.981071706E+00   0.000000000E+00   4.251972379E+03   1.403712355E+01   1.403712355E+01   3.425630538E+00   6.858078822E+00
  -8.472214160E+05   3.981071706E+00   0.000000000E+00   4.273836686E+03   1.402529554E+01   1.402529554E+01   3.432350307E+00   6.871555678E+00
  -8.452557051E+05   3.981071706E+00   0.000000000E+00   4.295813422E+03   1.401346709E+01   1.401346709E+01   3.439083257E+00   6.885059018E+00
  -8.432899942E+05   3.981071706E+00   0.000000000E+00   4.317903166E+03   1.400163832E+01   1.400163832E+01   3.445829414E+00   6.898588893E+00
  -8.413242832E+05   3.981071706E+00   0.000000000E+00   4.340106499E+03   1.398980935E+01   1.398980935E+01   3.452588805E+00   6.912145356E+00
  -8.393585723E+05   3.981071706E+00   0.000000000E+00   4.362424005E+03   1.397798031E+01   1.397798031E+01   3.459361455E+00   6.925728458E+00
  -8.373928613E+05   3.981071706E+00   0.000000000E+00   4.384856271E+03   1.396615131E+01   1.396615131E+01   3.466147391E+00   6.939338253E+00
  -8.354271504E+05   3.981071706E+00   0.000000000E+00   4.407403888E+03   1.395432248E+01   1.395432248E+01   3.472946638E+00   6.952974793E+00
  -8.334614394E+05   3.981071706E+00   0.000000000E+00   4.430067447E+03   1.394249395E+01   1.394249395E+01   3.479759222E+00   6.966638129E+00
  -8.314957285E+05   3.981071706E+00   0.000000000E+00   4.452847547E+03   1.393066584E+01   1.393066584E+01   3.486585170E+00   6.980328316E+00
  -8.295300176E+05   3.981071706E+00   0.000000000E+00   4.475744785E+03   1.391883828E+01   1.391883828E+01   3.493424508E+00   6.994045406E+00
  -8.275643066E+05   3.981071706E+00   0.000000000E+00   4.498759764E+03   1.390701139E+01   1.390701139E+01   3.500277262E+00   7.007789451E+00
  -8.255985957E+05   3.981071706E+00   0.000000000E+00   4.521893090E+03   1.389518531E+01   1.389518531E+01   3.507143459E+00   7.021560504E+00
  -8.236328847E+05   3.981071706E+00   0.000000000E+00   4.545145371E+03   1.388336016E+01   1.388336016E+01   3.514023124E+00   7.035358619E+00
  -8.216671738E+05   3.981071706E+00   0.000000000E+00   4.568517219E+03   1.387153608E+01   1.387153608E+01   3.520916285E+00   7.049183849E+00
  -8.197014628E+05   3.981071706E+00   0.000000000E+00   4.592009249E+03   1.385971320E+01   1.385971320E+01   3.527822967E+00   7.063036247E+00
  -8.177357519E+05   3.981071706E+00   0.000000000E+00   4.615622078E+03   1.384789164E+01   1.384789164E+01   3.534743198E+00   7.076915866E+00
  -8.157700410E+05   3.981071706E+00   0.000000000E+00   4.639356329E+03   1.383607154E+01   1.383607154E+01   3.541677003E+00   7.090822760E+00
  -8.138043300E+05   3.981071706E+00   0.000000000E+00   4.663212624E+03   1.382425305E+01   1.382425305E+01   3.548624410E+00   7.104756983E+00
  -8.118386191E+05   3.981071706E+00   0.000000000E+00   4.687191592E+03   1.381243628E+01   1.381243628E+01   3.555585445E+00   7.118718588E+00
  -8.098729081E+05   3.981071706E+00   0.000000000E+00   4.711293864E+03   1.380062138E+01   1.380062138E+01   3.562560135E+00   7.132707629E+00
  -8.079071972E+05   3.981071706E+00   0.000000000E+00   4.735520074E+03   1.378880849E+01   1.378880849E+01   3.569548506E+00   7.146724160E+00
  -8.059414863E+05   3.981071706E+00   0.000000000E+00   4.759870858E+03   1.377699774E+01   1.377699774E+01   3.576550586E+00   7.160768235E+00
  -8.039757753E+05   3.981071706E+00   0.000000000E+00   4.784346858E+03   1.376518928E+01   1.376518928E+01   3.583566402E+00   7.174839908E+00
  -8.020100644E+05   3.981071706E+00   0.000000000E+00   4.808948718E+03   1.375338324E+01   1.375338324E+01   3.590595980E+00   7.188939234E+00
  -8.000443534E+05   3.981071706E+00   0.000000000E+00   4.833677084E+03   1.374157977E+01   1.374157977E+01   3.597639347E+00   7.203066266E+00
  -7.980786425E+05   3.981071706E+00   0.000000000E+00   4.858532607E+03   1.372977900E+01   1.372977900E+01   3.604696530E+00   7.217221059E+00
  -7.961129315E+05   3.981071706E+00   0.000000000E+00   4.883515941E+03   1.371798109E+01   1.371798109E+01   3.611767557E+00   7.231403668E+00
  -7.941472206E+05   3.981071706E+00   0.000000000E+00   4.908627743E+03   1.370618617E+01   1.370618617E+01   3.618852455E+00   7.245614147E+00
  -7.921815097E+05   3.981071706E+00   0.000000000E+00   4.933868675E+03   1.369439439E+01   1.369439439E+01   3.625951250E+00   7.259852552E+00
  -7.902157987E+05   3.981071706E+00   0.000000000E+00   4.959239399E+03   1.368260590E+01   1.368260590E+01   3.633063971E+00   7.274118936E+00
  -7.882500878E+05   3.981071706E+00   0.000000000E+00   4.984740583E+03   1.367082085E+01   1.367082085E+01   3.640190644E+00   7.288413355E+00
  -7.862843768E+05   3.981071706E+00   0.000000000E+00   5.010372898E+03   1.365903939E+01   1.365903939E+01   3.647331297E+00   7.302735865E+00
  -7.843186659E+05   3.981071706E+00   0.000000000E+00   5.036137019E+03   1.364726165E+01   1.364726165E+01   3.654485957E+00   7.317086519E+00
  -7.823529549E+05   3.981071706E+00   0.000000000E+00   5.062033623E+03   1.363548781E+01   1.363548781E+01   3.661654651E+00   7.331465375E+00
  -7.803872440E+05   3.981071706E+00   0.000000000E+00   5.088063391E+03   1.362371800E+01   1.362371800E+01   3.668837408E+00   7.345872486E+00
  -7.784215331E+05   3.981071706E+00   0.000000000E+00   5.114227008E+03   1.361195238E+01   1.361195238E+01   3.676034255E+00   7.360307908E+00
  -7.764558221E+05   3.981071706E+00   0.000000000E+00   5.140525163E+03   1.360019111E+01   1.360019111E+01   3.683245219E+00   7.374771698E+00
  -7.744901112E+05   3.981071706E+00   0.000000000E+00   5.166958547E+03   1.358843434E+01   1.358843434E+01   3.690470328E+00   7.389263911E+00
  -7.725244002E+05   3.981071706E+00   0.000000000E+00   5.193527855E+03   1.357668223E+01   1.357668223E+01   3.697709610E+00   7.403784603E+00
  -7.705586893E+05   3.981071706E+00   0.000000000E+00   5.220233787E+03   1.356493493E+01   1.356493493E+01   3.704963093E+00   7.418333829E+00
  -7.685929784E+05   3.981071706E+00   0.000000000E+00   5.247077045E+03   1.355319260E+01   1.355319260E+01   3.712230804E+00   7.432911646E+00
  -7.666272674E+05   3.981071706E+00   0.000000000E+00   5.274058336E+03   1.354145541E+01   1.354145541E+01   3.719512772E+00   7.447518110E+00
  -7.646615565E+05   3.981071706E+00   0.000000000E+00   5.301178368E+03   1.352972351E+01   1.352972351E+01   3.726809024E+00   7.462153277E+00
  -7.626958455E+05   3.981071706E+00   0.000000000E+00   5.328437856E+03   1.351799706E+01   1.351799706E+01   3.734119589E+00   7.476817204E+00
  -7.607301346E+05   3.981071706E+00   0.000000000E+00   5.355837517E+03   1.350627624E+01   1.350627624E+01   3.741444494E+00   7.491509947E+00
  -7.587644236E+05   3.981071706E+00   0.000000000E+00   5.383378070E+03   1.349456119E+01   1.349456119E+01   3.748783768E+00   7.506231562E+00
  -7.567987127E+05   3.981071706E+00   0.000000000E+00   5.411060242E+03   1.348285210E+01   1.348285210E+01   3.756137439E+00   7.520982108E+00
  -7.548330018E+05   3.981071706E+00   0.000000000E+00   5.438884759E+03   1.347114913E+01   1.347114913E+01   3.763505534E+00   7.535761640E+00
  -7.528672908E+05   3.981071706E+00   0.000000000E+00   5.466852355E+03   1.345945243E+01   1.345945243E+01   3.770888084E+00   7.550570215E+00
  -7.509015799E+05   3.981071706E+00   0.000000000E+00   5.494963764E+03   1.344776219E+01   1.344776219E+01   3.778285114E+00   7.565407890E+00
  -7.489358689E+05   3.981071706E+00   0.000000000E+00   5.523219727E+03   1.343607858E+01   1.343607858E+01   3.785696655E+00   7.580274723E+00
  -7.469701580E+05   3.981071706E+00   0.000000000E+00   5.551620986E+03   1.342413265E+01   1.342413265E+01   3.793122735E+00   7.595170771E+00
  -7.450044470E+05   3.981071706E+00   0.000000000E+00   5.580168289E+03   1.341189911E+01   1.341189911E+01   3.800563381E+00   7.610096092E+00
  -7.430387361E+05   3.981071706E+00   0.000000000E+00   5.608862387E+03   1.339966930E+01   1.339966930E+01   3.808018624E+00   7.625050742E+00
  -7.410730252E+05   3.981071706E+00   0.000000000E+00   5.637704034E+03   1.338744332E+01   1.338744332E+01   3.815488490E+00   7.640034780E+00
  -7.391073142E+05   3.981071706E+00   0.000000000E+00   5.666693989E+03   1.337522124E+01   1.337522124E+01   3.822973010E+00   7.655048263E+00
  -7.371416033E+05   3.981071706E+00   0.000000000E+00   5.695833016E+03   1.336300314E+01   1.336300314E+01   3.830472211E+00   7.670091249E+00
  -7.351758923E+05   3.981071706E+00   0.000000000E+00   5.725121880E+03   1.335078913E+01   1.335078913E+01   3.837986123E+00   7.685163796E+00
  -7.332101814E+05   3.981071706E+00   0.000000000E+00   5.754561351E+03   1.333857927E+01   1.333857927E+01   3.845514775E+00   7.700265962E+00
  -7.312444705E+05   3.981071706E+00   0.000000000E+00   5.784152205E+03   1.332637366E+01   1.332637366E+01   3.853058194E+00   7.715397806E+00
  -7.292787595E+05   3.981071706E+00   0.000000000E+00   5.813895220E+03   1.331417238E+01   1.331417238E+01   3.860616411E+00   7.730559385E+00
  -7.273130486E+05   3.981071706E+00   0.000000000E+00   5.843791178E+03   1.330197552E+01   1.330197552E+01   3.868189455E+00   7.745750759E+00
  -7.253473376E+05   3.981071706E+00   0.000000000E+00   5.873840866E+03   1.328978317E+01   1.328978317E+01   3.875777353E+00   7.760971985E+00
  -7.233816267E+05   3.981071706E+00   0.000000000E+00   5.904045074E+03   1.327759541E+01   1.327759541E+01   3.883380136E+00   7.776223122E+00
  -7.214159157E+05   3.981071706E+00   0.000000000E+00   5.934404596E+03   1.326541233E+01   1.326541233E+01   3.890997833E+00   7.791504230E+00
  -7.194502048E+05   3.981071706E+00   0.000000000E+00   5.964920233E+03   1.325323402E+01   1.325323402E+01   3.898630473E+00   7.806815367E+00
  -7.174844939E+05   3.981071706E+00   0.000000000E+00   5.995592785E+03   1.324106057E+01   1.324106057E+01   3.906278085E+00   7.822156591E+00
  -7.155187829E+05   3.981071706E+00   0.000000000E+00   6.026423060E+03   1.322889206E+01   1.322889206E+01   3.913940699E+00   7.837527963E+00
  -7.135530720E+05   3.981071706E+00   0.000000000E+00   6.057411870E+03   1.321672859E+01   1.321672859E+01   3.921618344E+00   7.852929541E+00
  -7.115873610E+05   3.981071706E+00   0.000000000E+00   6.088560028E+03   1.320457024E+01   1.320457024E+01   3.929311050E+00   7.868361385E+00
  -7.096216501E+05   3.981071706E+00   0.000000000E+00   6.119868356E+03   1.319241710E+01   1.319241710E+01   3.937018845E+00   7.883823554E+00
  -7.076559391E+05   3.981071706E+00   0.000000000E+00   6.151337675E+03   1.318026926E+01   1.318026926E+01   3.944741761E+00   7.899316108E+00
  -7.056902282E+05   3.981071706E+00   0.000000000E+00   6.182968815E+03   1.316812682E+01   1.316812682E+01   3.952479826E+00   7.914839106E+00
  -7.037245173E+05   3.981071706E+00   0.000000000E+00   6.214762607E+03   1.315598985E+01   1.315598985E+01   3.960233070E+00   7.930392609E+00
  -7.017588063E+05   3.981071706E+00   0.000000000E+00   6.246719888E+03   1.314385846E+01   1.314385846E+01   3.968001522E+00   7.945976676E+00
  -6.997930954E+05   3.981071706E+00   0.000000000E+00   6.278841498E+03   1.313173272E+01   1.313173272E+01   3.975785214E+00   7.961591367E+00
  -6.978273844E+05   3.981071706E+00   0.000000000E+00   6.311128283E+03   1.311961275E+01   1.311961275E+01   3.983584174E+00   7.977236743E+00
  -6.958616735E+05   3.981071706E+00   0.000000000E+00   6.343581091E+03   1.310749861E+01   1.310749861E+01   3.991398433E+00   7.992912864E+00
  -6.938959626E+05   3.981071706E+00   0.000000000E+00   6.376200777E+03   1.309539041E+01   1.309539041E+01   3.999228020E+00   8.008619790E+00
  -6.919302516E+05   3.981071706E+00   0.000000000E+00   6.408988198E+03   1.308328824E+01   1.308328824E+01   4.007072966E+00   8.024357582E+00
  -6.899645407E+05   3.981071706E+00   0.000000000E+00   6.441944217E+03   1.307119218E+01   1.307119218E+01   4.014933300E+00   8.040126300E+00
  -6.879988297E+05   3.981071706E+00   0.000000000E+00   6.475069701E+03   1.305910234E+01   1.305910234E+01   4.022809054E+00   8.055926006E+00
  -6.860331188E+05   3.981071706E+00   0.000000000E+00   6.508365522E+03   1.304701880E+01   1.304701880E+01   4.030700257E+00   8.071756759E+00
  -6.840674078E+05   3.981071706E+00   0.000000000E+00   6.541832555E+03   1.303494166E+01   1.303494166E+01   4.038606939E+00   8.087618622E+00
  -6.821016969E+05   3.981071706E+00   0.000000000E+00   6.575471680E+03   1.302287101E+01   1.302287101E+01   4.046529131E+00   8.103511655E+00
  -6.801359860E+05   3.981071706E+00   0.000000000E+00   6.609283784E+03   1.301080694E+01   1.301080694E+01   4.054466864E+00   8.119435919E+00
  -6.781702750E+05   3.981071706E+00   0.000000000E+00   6.643269754E+03   1.299874954E+01   1.299874954E+01   4.062420167E+00   8.135391477E+00
  -6.762045641E+05   3.981071706E+00   0.000000000E+00   6.677430485E+03   1.298669892E+01   1.298669892E+01   4.070389071E+00   8.151378388E+00
  -6.742388531E+05   3.981071706E+00   0.000000000E+00   6.711766877E+03   1.297465516E+01   1.297465516E+01   4.078373608E+00   8.167396716E+00
  -6.722731422E+05   3.981071706E+00   0.000000000E+00   6.746279831E+03   1.296261837E+01   1.296261837E+01   4.086373807E+00   8.183446521E+00
  -6.703074312E+05   3.981071706E+00   0.000000000E+00   6.780970257E+03   1.295058862E+01   1.295058862E+01   4.094389699E+00   8.199527866E+00
  -6.683417203E+05   3.981071706E+00   0.000000000E+00   6.815839066E+03   1.293856603E+01   1.293856603E+01   4.102421316E+00   8.215640813E+00
  -6.663760094E+05   3.981071706E+00   0.000000000E+00   6.850887176E+03   1.292655068E+01   1.292655068E+01   4.110468687E+00   8.231785423E+00
  -6.644102984E+05   3.981071706E+00   0.000000000E+00   6.886115509E+03   1.291454266E+01   1.291454266E+01   4.118531844E+00   8.247961759E+00
  -6.624445875E+05   3.981071706E+00   0.000000000E+00   6.921524991E+03   1.290254209E+01   1.290254209E+01   4.126610818E+00   8.264169884E+00
  -6.604788765E+05   3.981071706E+00   0.000000000E+00   6.957116554E+03   1.289054904E+01   1.289054904E+01   4.134705640E+00   8.280409859E+00
  -6.585131656E+05   3.981071706E+00   0.000000000E+00   6.992891135E+03   1.287856363E+01   1.287856363E+01   4.142816341E+00   8.296681747E+00
  -6.565474547E+05   3.981071706E+00   0.000000000E+00   7.028849675E+03   1.286658594E+01   1.286658594E+01   4.150942952E+00   8.312985611E+00
  -6.545817437E+05   3.981071706E+00   0.000000000E+00   7.064993118E+03   1.285461607E+01   1.285461607E+01   4.159085504E+00   8.329321514E+00
  -6.526160328E+05   3.981071706E+00   0.000000000E+00   7.101322417E+03   1.284265412E+01   1.284265412E+01   4.167244029E+00   8.345689519E+00
  -6.506503218E+05   3.981071706E+00   0.000000000E+00   7.137838527E+03   1.283070018E+01   1.283070018E+01   4.175418557E+00   8.362089689E+00
  -6.486846109E+05   3.981071706E+00   0.000000000E+00   7.174542409E+03   1.281875436E+01   1.281875436E+01   4.183609121E+00   8.378522087E+00
  -6.467188999E+05   3.981071706E+00   0.000000000E+00   7.211435027E+03   1.280681676E+01   1.280681676E+01   4.191815752E+00   8.394986776E+00
  -6.447531890E+05   3.981071706E+00   0.000000000E+00   7.248517354E+03   1.279488746E+01   1.279488746E+01   4.200038481E+00   8.411483820E+00
  -6.427874781E+05   3.981071706E+00   0.000000000E+00   7.285790363E+03   1.278296657E+01   1.278296657E+01   4.208277339E+00   8.428013283E+00
  -6.408217671E+05   3.981071706E+00   0.000000000E+00   7.323255036E+03   1.277105419E+01   1.277105419E+01   4.216532360E+00   8.444575227E+00
  -6.388560562E+05   3.981071706E+00   0.000000000E+00   7.360912358E+03   1.275915041E+01   1.275915041E+01   4.224803573E+00   8.461169718E+00
  -6.368903452E+05   3.981071706E+00   0.000000000E+00   7.398763320E+03   1.274725535E+01   1.274725535E+01   4.233091011E+00   8.477796819E+00
  -6.349246343E+05   3.981071706E+00   0.000000000E+00   7.436808918E+03   1.273536908E+01   1.273536908E+01   4.241394706E+00   8.494456593E+00
  -6.329589234E+05   3.981071706E+00   0.000000000E+00   7.475050152E+03   1.272349173E+01   1.272349173E+01   4.249714690E+00   8.511149106E+00
  -6.309932124E+05   3.981071706E+00   0.000000000E+00   7.513488028E+03   1.271162337E+01   1.271162337E+01   4.258050994E+00   8.527874422E+00
  -6.290275015E+05   3.981071706E+00   0.000000000E+00   7.552123558E+03   1.269976413E+01   1.269976413E+01   4.266403651E+00   8.544632604E+00
  -6.270617905E+05   3.981071706E+00   0.000000000E+00   7.590957758E+03   1.268791409E+01   1.268791409E+01   4.274772693E+00   8.561423719E+00
  -6.250960796E+05   3.981071706E+00   0.000000000E+00   7.629991649E+03   1.267607336E+01   1.267607336E+01   4.283158151E+00   8.578247829E+00
  -6.231303686E+05   3.981071706E+00   0.000000000E+00   7.669226259E+03   1.266424203E+01   1.266424203E+01   4.291560059E+00   8.595105001E+00
  -6.211646577E+05   3.981071706E+00   0.000000000E+00   7.708662619E+03   1.265242022E+01   1.265242022E+01   4.299978447E+00   8.611995298E+00
  -6.191989468E+05   3.981071706E+00   0.000000000E+00   7.748301767E+03   1.264060802E+01   1.264060802E+01   4.308413350E+00   8.628918787E+00
  -6.172332358E+05   3.981071706E+00   0.000000000E+00   7.788144746E+03   1.262880553E+01   1.262880553E+01   4.316864798E+00   8.645875533E+00
  -6.152675249E+05   3.981071706E+00   0.000000000E+00   7.828192604E+03   1.261701286E+01   1.261701286E+01   4.325332825E+00   8.662865600E+00
  -6.133018139E+05   3.981071706E+00   0.000000000E+00   7.868446394E+03   1.260523011E+01   1.260523011E+01   4.333817463E+00   8.679889055E+00
  -6.113361030E+05   3.981071706E+00   0.000000000E+00   7.908907175E+03   1.259345738E+01   1.259345738E+01   4.342318745E+00   8.696945962E+00
  -6.093703920E+05   3.981071706E+00   0.000000000E+00   7.949576012E+03   1.258169477E+01   1.258169477E+01   4.350836703E+00   8.714036388E+00
  -6.074046811E+05   3.981071706E+00   0.000000000E+00   7.990453975E+03   1.256994239E+01   1.256994239E+01   4.359371369E+00   8.731160399E+00
  -6.054389702E+05   3.981071706E+00   0.000000000E+00   8.031542138E+03   1.255820034E+01   1.255820034E+01   4.367922778E+00   8.748318060E+00
  -6.034732592E+05   3.981071706E+00   0.000000000E+00   8.072841584E+03   1.254646872E+01   1.254646872E+01   4.376490961E+00   8.765509438E+00
  -6.015075483E+05   3.981071706E+00   0.000000000E+00   8.114353397E+03   1.253474764E+01   1.253474764E+01   4.385075951E+00   8.782734599E+00
  -5.995418373E+05   3.981071706E+00   0.000000000E+00   8.156078671E+03   1.252303721E+01   1.252303721E+01   4.393677782E+00   8.799993609E+00
  -5.975761264E+05   3.981071706E+00   0.000000000E+00   8.198018502E+03   1.251133752E+01   1.251133752E+01   4.402296487E+00   8.817286534E+00
  -5.956104155E+05   3.981071706E+00   0.000000000E+00   8.240173995E+03   1.249964868E+01   1.249964868E+01   4.410932098E+00   8.834613443E+00
  -5.936447045E+05   3.981071706E+00   0.000000000E+00   8.282546257E+03   1.248797080E+01   1.248797080E+01   4.419584649E+00   8.851974400E+00
  -5.916789936E+05   3.981071706E+00   0.000000000E+00   8.325136405E+03   1.247630399E+01   1.247630399E+01   4.428254172E+00   8.869369473E+00
  -5.897132826E+05   3.981071706E+00   0.000000000E+00   8.367945558E+03   1.246464833E+01   1.246464833E+01   4.436940702E+00   8.886798730E+00
  -5.877475717E+05   3.981071706E+00   0.000000000E+00   8.410974842E+03   1.245300396E+01   1.245300396E+01   4.445644272E+00   8.904262237E+00
  -5.857818607E+05   3.981071706E+00   0.000000000E+00   8.454225389E+03   1.244137096E+01   1.244137096E+01   4.454364915E+00   8.921760062E+00
  -5.838161498E+05   3.981071706E+00   0.000000000E+00   8.497698338E+03   1.242974944E+01   1.242974944E+01   4.463102664E+00   8.939292272E+00
  -5.818504389E+05   3.981071706E+00   0.000000000E+00   8.541394831E+03   1.241813952E+01   1.241813952E+01   4.471857553E+00   8.956858934E+00
  -5.798847279E+05   3.981071706E+00   0.000000000E+00   8.585316018E+03   1.240654130E+01   1.240654130E+01   4.480629616E+00   8.974460117E+00
  -5.779190170E+05   3.981071706E+00   0.000000000E+00   8.629463056E+03   1.239495488E+01   1.239495488E+01   4.489418887E+00   8.992095888E+00
  -5.759533060E+05   3.981071706E+00   0.000000000E+00   8.673837103E+03   1.238338037E+01   1.238338037E+01   4.498225399E+00   9.009766315E+00
  -5.739875951E+05   3.981071706E+00   0.000000000E+00   8.718439330E+03   1.237181788E+01   1.237181788E+01   4.507049185E+00   9.027471467E+00
  -5.720218841E+05   3.981071706E+00   0.000000000E+00   8.763270908E+03   1.236026752E+01   1.236026752E+01   4.515890281E+00   9.045211411E+00
  -5.700561732E+05   3.981071706E+00   0.000000000E+00   8.808333017E+03   1.234872940E+01   1.234872940E+01   4.524748719E+00   9.062986216E+00
  -5.680904623E+05   3.981071706E+00   0.000000000E+00   8.853626842E+03   1.233720362E+01   1.233720362E+01   4.533624534E+00   9.080795950E+00
  -5.661247513E+05   3.981071706E+00   0.000000000E+00   8.899153575E+03   1.232569028E+01   1.232569028E+01   4.542517760E+00   9.098640682E+00
  -5.641590404E+05   3.981071706E+00   0.000000000E+00   8.944914414E+03   1.231418951E+01   1.231418951E+01   4.551428431E+00   9.116520481E+00
  -5.621933294E+05   3.981071706E+00   0.000000000E+00   8.990910562E+03   1.230270141E+01   1.230270141E+01   4.560356582E+00   9.134435416E+00
  -5.602276185E+05   3.981071706E+00   0.000000000E+00   9.037143230E+03   1.229122608E+01   1.229122608E+01   4.569302246E+00   9.152385556E+00
  -5.582619076E+05   3.981071706E+00   0.000000000E+00   9.083613633E+03   1.227976365E+01   1.227976365E+01   4.578265458E+00   9.170370969E+00
  -5.562961966E+05   3.981071706E+00   0.000000000E+00   9.130322994E+03   1.226831420E+01   1.226831420E+01   4.587246253E+00   9.188391726E+00
  -5.543304857E+05   3.981071706E+00   0.000000000E+00   9.177272542E+03   1.225687786E+01   1.225687786E+01   4.596244664E+00   9.206447895E+00
  -5.523647747E+05   3.981071706E+00   0.000000000E+00   9.224463512E+03   1.224545474E+01   1.224545474E+01   4.605260727E+00   9.224539547E+00
  -5.503990638E+05   3.981071706E+00   0.000000000E+00   9.271897145E+03   1.223404495E+01   1.223404495E+01   4.614294475E+00   9.242666751E+00
  -5.484333528E+05   3.981071706E+00   0.000000000E+00   9.319574690E+03   1.222264859E+01   1.222264859E+01   4.623345945E+00   9.260829576E+00
  -5.464676419E+05   3.981071706E+00   0.000000000E+00   9.367497400E+03   1.221126577E+01   1.221126577E+01   4.632415170E+00   9.279028094E+00
  -5.445019310E+05   3.981071706E+00   0.000000000E+00   9.415666536E+03   1.219989661E+01   1.219989661E+01   4.641502185E+00   9.297262374E+00
  -5.425362200E+05   3.981071706E+00   0.000000000E+00   9.464083365E+03   1.218854122E+01   1.218854122E+01   4.650607026E+00   9.315532486E+00
  -5.405705091E+05   3.981071706E+00   0.000000000E+00   9.512749161E+03   1.217719971E+01   1.217719971E+01   4.659729726E+00   9.333838500E+00
  -5.386047981E+05   3.981071706E+00   0.000000000E+00   9.561665204E+03   1.216587219E+01   1.216587219E+01   4.668870322E+00   9.352180488E+00
  -5.366390872E+05   3.981071706E+00   0.000000000E+00   9.610832781E+03   1.215455878E+01   1.215455878E+01   4.678028849E+00   9.370558520E+00
  -5.346733762E+05   3.981071706E+00   0.000000000E+00   9.660253186E+03   1.214325957E+01   1.214325957E+01   4.687205340E+00   9.388972666E+00
  -5.327076653E+05   3.981071706E+00   0.000000000E+00   9.728388889E+03   1.212536379E+01   1.212536379E+01   4.701800003E+00   9.418263465E+00
  -5.307419544E+05   3.981071706E+00   0.000000000E+00   9.818463963E+03   1.209991141E+01   1.209991141E+01   4.722687530E+00   9.460187011E+00
  -5.287762434E+05   3.981071706E+00   0.000000000E+00   9.909373041E+03   1.207453455E+01   1.207453455E+01   4.743667849E+00   9.502297172E+00
  -5.268105325E+05   3.981071706E+00   0.000000000E+00   1.000112385E+04   1.204923449E+01   1.204923449E+01   4.764741372E+00   9.544594777E+00
  -5.248448215E+05   3.981071706E+00   0.000000000E+00   1.009372417E+04   1.202401257E+01   1.202401257E+01   4.785908513E+00   9.587080663E+00
  -5.228791106E+05   3.981071706E+00   0.000000000E+00   1.018718188E+04   1.199887009E+01   1.199887009E+01   4.807169688E+00   9.629755666E+00
  -5.209133997E+05   3.981071706E+00   0.000000000E+00   1.028150491E+04   1.197380839E+01   1.197380839E+01   4.828525315E+00   9.672620628E+00
  -5.189476887E+05   3.981071706E+00   0.000000000E+00   1.037670129E+04   1.194882878E+01   1.194882878E+01   4.849975813E+00   9.715676395E+00
  -5.169819778E+05   3.981071706E+00   0.000000000E+00   1.047277908E+04   1.192393260E+01   1.192393260E+01   4.871521605E+00   9.758923816E+00
  -5.150162668E+05   3.981071706E+00   0.000000000E+00   1.056974646E+04   1.189912118E+01   1.189912118E+01   4.893163112E+00   9.802363745E+00
  -5.130505559E+05   3.981071706E+00   0.000000000E+00   1.066761165E+04   1.187439587E+01   1.187439587E+01   4.914900761E+00   9.845997038E+00
  -5.110848449E+05   3.981071706E+00   0.000000000E+00   1.076638298E+04   1.184975802E+01   1.184975802E+01   4.936734978E+00   9.889824556E+00
  -5.091191340E+05   3.981071706E+00   0.000000000E+00   1.086606883E+04   1.182520897E+01   1.182520897E+01   4.958666192E+00   9.933847164E+00
  -5.071534231E+05   3.981071706E+00   0.000000000E+00   1.096667768E+04   1.180075007E+01   1.180075007E+01   4.980694835E+00   9.978065730E+00
  -5.051877121E+05   3.981071706E+00   0.000000000E+00   1.106821806E+04   1.177638268E+01   1.177638268E+01   5.002821340E+00   1.002248113E+01
  -5.032220012E+05   3.981071706E+00   0.000000000E+00   1.117069860E+04   1.175210816E+01   1.175210816E+01   5.025046140E+00   1.006709423E+01
  -5.012562902E+05   3.981071706E+00   0.000000000E+00   1.127412801E+04   1.172792788E+01   1.172792788E+01   5.047369673E+00   1.011190592E+01
  -4.992905793E+05   3.981071706E+00   0.000000000E+00   1.137851507E+04   1.170384319E+01   1.170384319E+01   5.069792377E+00   1.015691708E+01
  -4.973248683E+05   3.981071706E+00   0.000000000E+00   1.148386864E+04   1.167985549E+01   1.167985549E+01   5.092314693E+00   1.020212859E+01
  -4.953591574E+05   3.981071706E+00   0.000000000E+00   1.159019769E+04   1.165596612E+01   1.165596612E+01   5.114937063E+00   1.024754136E+01
  -4.933934465E+05   3.981071706E+00   0.000000000E+00   1.169751124E+04   1.163217648E+01   1.163217648E+01   5.137659932E+00   1.029315627E+01
  -4.914277355E+05   3.981071706E+00   0.000000000E+00   1.180581840E+04   1.160848794E+01   1.160848794E+01   5.160483747E+00   1.033897423E+01
  -4.894620246E+05   3.981071706E+00   0.000000000E+00   1.191512838E+04   1.158490188E+01   1.158490188E+01   5.183408955E+00   1.038499614E+01
  -4.874963136E+05   3.981071706E+00   0.000000000E+00   1.202545045E+04   1.156141968E+01   1.156141968E+01   5.206436007E+00   1.043122291E+01
  -4.855306027E+05   3.981071706E+00   0.000000000E+00   1.213679400E+04   1.153804274E+01   1.153804274E+01   5.229565356E+00   1.047765545E+01
  -4.835648918E+05   3.981071706E+00   0.000000000E+00   1.224916848E+04   1.151427469E+01   1.151427469E+01   5.252797456E+00   1.052429467E+01
  -4.815991808E+05   3.981071706E+00   0.000000000E+00   1.236258343E+04   1.148891257E+01   1.148891257E+01   5.276132763E+00   1.057114149E+01
  -4.796334699E+05   3.981071706E+00   0.000000000E+00   1.247704849E+04   1.146367900E+01   1.146367900E+01   5.299571737E+00   1.061819685E+01
  -4.776677589E+05   3.981071706E+00   0.000000000E+00   1.259257338E+04   1.143857502E+01   1.143857502E+01   5.323114837E+00   1.066546166E+01
  -4.757020480E+05   3.981071706E+00   0.000000000E+00   1.270916792E+04   1.141360164E+01   1.141360164E+01   5.346762526E+00   1.071293687E+01
  -4.737363370E+05   3.981071706E+00   0.000000000E+00   1.282684200E+04   1.138875987E+01   1.138875987E+01   5.370515269E+00   1.076062340E+01
  -4.717706261E+05   3.981071706E+00   0.000000000E+00   1.294560563E+04   1.136405068E+01   1.136405068E+01   5.394373532E+00   1.080852219E+01
  -4.698049152E+05   3.981071706E+00   0.000000000E+00   1.306546888E+04   1.133947506E+01   1.133947506E+01   5.418337785E+00   1.085663420E+01
  -4.678392042E+05   3.981071706E+00   0.000000000E+00   1.318644195E+04   1.131503396E+01   1.131503396E+01   5.442408497E+00   1.090496037E+01
  -4.658734933E+05   3.981071706E+00   0.000000000E+00   1.330853511E+04   1.129072831E+01   1.129072831E+01   5.466586143E+00   1.095350166E+01
  -4.639077823E+05   3.981071706E+00   0.000000000E+00   1.343175873E+04   1.126655904E+01   1.126655904E+01   5.490871197E+00   1.100225902E+01
  -4.619420714E+05   3.981071706E+00   0.000000000E+00   1.355612328E+04   1.124252705E+01   1.124252705E+01   5.515264136E+00   1.105123341E+01
  -4.599763604E+05   3.981071706E+00   0.000000000E+00   1.368163931E+04   1.121863323E+01   1.121863323E+01   5.539765439E+00   1.110042580E+01
  -4.580106495E+05   3.981071706E+00   0.000000000E+00   1.380831750E+04   1.119487844E+01   1.119487844E+01   5.564375589E+00   1.114983716E+01
  -4.560449386E+05   3.981071706E+00   0.000000000E+00   1.393616860E+04   1.117126353E+01   1.117126353E+01   5.589095067E+00   1.119946846E+01
  -4.540792276E+05   3.981071706E+00   0.000000000E+00   1.406520347E+04   1.114778933E+01   1.114778933E+01   5.613924361E+00   1.124932069E+01
  -4.521135167E+05   3.981071706E+00   0.000000000E+00   1.419543308E+04   1.112445663E+01   1.112445663E+01   5.638863958E+00   1.129939483E+01
  -4.501478057E+05   3.981071706E+00   0.000000000E+00   1.432686848E+04   1.110126623E+01   1.110126623E+01   5.663914348E+00   1.134969186E+01
  -4.481820948E+05   3.981071706E+00   0.000000000E+00   1.445952083E+04   1.107821889E+01   1.107821889E+01   5.689076023E+00   1.140021278E+01
  -4.462163839E+05   3.981071706E+00   0.000000000E+00   1.459340142E+04   1.105531533E+01   1.105531533E+01   5.714349478E+00   1.145095859E+01
  -4.442506729E+05   3.981071706E+00   0.000000000E+00   1.472852161E+04   1.103255628E+01   1.103255628E+01   5.739735208E+00   1.150193027E+01
  -4.422849620E+05   3.981071706E+00   0.000000000E+00   1.486489287E+04   1.100994243E+01   1.100994243E+01   5.765233714E+00   1.155312885E+01
  -4.403192510E+05   3.981071706E+00   0.000000000E+00   1.500252679E+04   1.098747443E+01   1.098747443E+01   5.790845496E+00   1.160455533E+01
  -4.383535401E+05   3.981071706E+00   0.000000000E+00   1.514143506E+04   1.096515294E+01   1.096515294E+01   5.816571056E+00   1.165621073E+01
  -4.363878291E+05   3.981071706E+00   0.000000000E+00   1.528162949E+04   1.094297855E+01   1.094297855E+01   5.842410902E+00   1.170809606E+01
  -4.344221182E+05   3.981071706E+00   0.000000000E+00   1.542312197E+04   1.092095186E+01   1.092095186E+01   5.868365540E+00   1.176021234E+01
  -4.324564073E+05   3.981071706E+00   0.000000000E+00   1.556592453E+04   1.089907341E+01   1.089907341E+01   5.894435479E+00   1.181256061E+01
  -4.304906963E+05   3.981071706E+00   0.000000000E+00   1.571004930E+04   1.087734375E+01   1.087734375E+01   5.920621234E+00   1.186514190E+01
  -4.285249854E+05   3.981071706E+00   0.000000000E+00   1.585550852E+04   1.085576335E+01   1.085576335E+01   5.946923317E+00   1.191795724E+01
  -4.265592744E+05   3.981071706E+00   0.000000000E+00   1.600231455E+04   1.083433269E+01   1.083433269E+01   5.973342246E+00   1.197100769E+01
  -4.245935635E+05   3.981071706E+00   0.000000000E+00   1.615047985E+04   1.081305221E+01   1.081305221E+01   5.999878541E+00   1.202429427E+01
  -4.226278525E+05   3.981071706E+00   0.000000000E+00   1.630001701E+04   1.079192230E+01   1.079192230E+01   6.026532721E+00   1.207781805E+01
  -4.206621416E+05   3.981071706E+00   0.000000000E+00   1.645093874E+04   1.077094333E+01   1.077094333E+01   6.053305311E+00   1.213158008E+01
  -4.186964307E+05   3.981071706E+00   0.000000000E+00   1.660325784E+04   1.075011564E+01   1.075011564E+01   6.080196837E+00   1.218558142E+01
  -4.167307197E+05   3.981071706E+00   0.000000000E+00   1.675698727E+04   1.072943953E+01   1.072943953E+01   6.107207828E+00   1.223982314E+01
  -4.147650088E+05   3.981071706E+00   0.000000000E+00   1.691214008E+04   1.070891525E+01   1.070891525E+01   6.134338814E+00   1.229430630E+01
  -4.127992978E+05   3.981071706E+00   0.000000000E+00   1.706872945E+04   1.068854304E+01   1.068854304E+01   6.161590327E+00   1.234903199E+01
  -4.108335869E+05   3.981071706E+00   0.000000000E+00   1.722676868E+04   1.066832308E+01   1.066832308E+01   6.188962905E+00   1.240400127E+01
  -4.088678760E+05   3.981071706E+00   0.000000000E+00   1.738627119E+04   1.064825552E+01   1.064825552E+01   6.216457084E+00   1.245921524E+01
  -4.069021650E+05   3.981071706E+00   0.000000000E+00   1.754725053E+04   1.062834048E+01   1.062834048E+01   6.244073404E+00   1.251467499E+01
  -4.049364541E+05   3.981071706E+00   0.000000000E+00   1.770972038E+04   1.060857800E+01   1.060857800E+01   6.271812408E+00   1.257038160E+01
  -4.029707431E+05   3.981071706E+00   0.000000000E+00   1.787369454E+04   1.058896813E+01   1.058896813E+01   6.299674642E+00   1.262633618E+01
  -4.010050322E+05   3.981071706E+00   0.000000000E+00   1.803918693E+04   1.056951085E+01   1.056951085E+01   6.327660653E+00   1.268253983E+01
  -3.990393212E+05   3.981071706E+00   0.000000000E+00   1.820621162E+04   1.055020609E+01   1.055020609E+01   6.355770990E+00   1.273899366E+01
  -3.970736103E+05   3.981071706E+00   0.000000000E+00   1.837478279E+04   1.053105374E+01   1.053105374E+01   6.384006206E+00   1.279569879E+01
  -3.951078994E+05   3.981071706E+00   0.000000000E+00   1.854491475E+04   1.051205365E+01   1.051205365E+01   6.412366855E+00   1.285265632E+01
  -3.931421884E+05   3.981071706E+00   0.000000000E+00   1.871662197E+04   1.049320562E+01   1.049320562E+01   6.440853496E+00   1.290986739E+01
  -3.911764775E+05   3.981071706E+00   0.000000000E+00   1.888991902E+04   1.047450941E+01   1.047450941E+01   6.469466687E+00   1.296733312E+01
  -3.892107665E+05   3.981071706E+00   0.000000000E+00   1.906482062E+04   1.045596470E+01   1.045596470E+01   6.498206990E+00   1.302505466E+01
  -3.872450556E+05   3.981071706E+00   0.000000000E+00   1.924134164E+04   1.043757115E+01   1.043757115E+01   6.527074971E+00   1.308303312E+01
  -3.852793446E+05   3.981071706E+00   0.000000000E+00   1.941949707E+04   1.041932835E+01   1.041932835E+01   6.556071197E+00   1.314126967E+01
  -3.833136337E+05   3.981071706E+00   0.000000000E+00   1.959930204E+04   1.040123586E+01   1.040123586E+01   6.585196237E+00   1.319976545E+01
  -3.813479228E+05   3.981071706E+00   0.000000000E+00   1.978077181E+04   1.038329315E+01   1.038329315E+01   6.614450664E+00   1.325852160E+01
  -3.793822118E+05   3.981071706E+00   0.000000000E+00   1.996392182E+04   1.036549965E+01   1.036549965E+01   6.643835053E+00   1.331753930E+01
  -3.774165009E+05   3.981071706E+00   0.000000000E+00   2.014876761E+04   1.034785475E+01   1.034785475E+01   6.673349980E+00   1.337681971E+01
  -3.754507899E+05   3.981071706E+00   0.000000000E+00   2.033532489E+04   1.033035776E+01   1.033035776E+01   6.702996025E+00   1.343636399E+01
  -3.734850790E+05   3.981071706E+00   0.000000000E+00   2.052360949E+04   1.031300792E+01   1.031300792E+01   6.732773772E+00   1.349617332E+01
  -3.715193681E+05   3.981071706E+00   0.000000000E+00   2.071363743E+04   1.029580445E+01   1.029580445E+01   6.762683805E+00   1.355624888E+01
  -3.695536571E+05   3.981071706E+00   0.000000000E+00   2.090542483E+04   1.027874646E+01   1.027874646E+01   6.792726713E+00   1.361659185E+01
  -3.675879462E+05   3.981071706E+00   0.000000000E+00   2.109898799E+04   1.026183303E+01   1.026183303E+01   6.822903084E+00   1.367720343E+01
  -3.656222352E+05   3.981071706E+00   0.000000000E+00   2.129434335E+04   1.024506315E+01   1.024506315E+01   6.853213512E+00   1.373808481E+01
  -3.636565243E+05   3.981071706E+00   0.000000000E+00   2.149150750E+04   1.022843576E+01   1.022843576E+01   6.883658593E+00   1.379923719E+01
  -3.616908133E+05   3.981071706E+00   0.000000000E+00   2.169049719E+04   1.021194972E+01   1.021194972E+01   6.914238925E+00   1.386066178E+01
  -3.597251024E+05   3.981071706E+00   0.000000000E+00   2.189132933E+04   1.019560383E+01   1.019560383E+01   6.944955109E+00   1.392235979E+01
  -3.577593915E+05   3.981071706E+00   0.000000000E+00   2.209402097E+04   1.017939681E+01   1.017939681E+01   6.975807748E+00   1.398433243E+01
  -3.557936805E+05   3.981071706E+00   0.000000000E+00   2.229858933E+04   1.016332731E+01   1.016332731E+01   7.006797448E+00   1.404658094E+01
  -3.538279696E+05   3.981071706E+00   0.000000000E+00   2.250505179E+04   1.014739391E+01   1.014739391E+01   7.037924818E+00   1.410910653E+01
  -3.518622586E+05   3.981071706E+00   0.000000000E+00   2.271342588E+04   1.013159509E+01   1.013159509E+01   7.069190471E+00   1.417191044E+01
  -3.498965477E+05   3.981071706E+00   0.000000000E+00   2.292372931E+04   1.011592928E+01   1.011592928E+01   7.100595020E+00   1.423499391E+01
  -3.479308367E+05   3.981071706E+00   0.000000000E+00   2.313597993E+04   1.010039482E+01   1.010039482E+01   7.132139081E+00   1.429835818E+01
  -3.459651258E+05   3.981071706E+00   0.000000000E+00   2.335019578E+04   1.008498997E+01   1.008498997E+01   7.163823276E+00   1.436200451E+01
  -3.439994149E+05   3.981071706E+00   0.000000000E+00   2.356639506E+04   1.006971289E+01   1.006971289E+01   7.195648227E+00   1.442593415E+01
  -3.420337039E+05   3.981071706E+00   0.000000000E+00   2.378459612E+04   1.005456168E+01   1.005456168E+01   7.227614558E+00   1.449014835E+01
  -3.400679930E+05   3.981071706E+00   0.000000000E+00   2.400481750E+04   1.003953434E+01   1.003953434E+01   7.259722898E+00   1.455464840E+01
  -3.381022820E+05   3.981071706E+00   0.000000000E+00   2.422707791E+04   1.002462877E+01   1.002462877E+01   7.291973878E+00   1.461943555E+01
  -3.361365711E+05   3.981071706E+00   0.000000000E+00   2.445139623E+04   1.000984281E+01   1.000984281E+01   7.324368132E+00   1.468451109E+01
  -3.341708602E+05   3.981071706E+00   0.000000000E+00   2.467779151E+04   9.995174174E+00   9.995174174E+00   7.356906295E+00   1.474987630E+01
  -3.322051492E+05   3.981071706E+00   0.000000000E+00   2.490628298E+04   9.980620500E+00   9.980620500E+00   7.389589008E+00   1.481553247E+01
  -3.302394383E+05   3.981071706E+00   0.000000000E+00   2.513689005E+04   9.966179325E+00   9.966179325E+00   7.422416912E+00   1.488148090E+01
  -3.282737273E+05   3.981071706E+00   0.000000000E+00   2.536963231E+04   9.951848086E+00   9.951848086E+00   7.455390653E+00   1.494772288E+01
  -3.263080164E+05   3.981071706E+00   0.000000000E+00   2.560452953E+04   9.937624122E+00   9.937624122E+00   7.488510878E+00   1.501425973E+01
  -3.243423054E+05   3.981071706E+00   0.000000000E+00   2.584160166E+04   9.923504666E+00   9.923504666E+00   7.521778238E+00   1.508109275E+01
  -3.223765945E+05   3.981071706E+00   0.000000000E+00   2.608086885E+04   9.909486848E+00   9.909486848E+00   7.555193386E+00   1.514822327E+01
  -3.204108836E+05   3.981071706E+00   0.000000000E+00   2.632235140E+04   9.895567691E+00   9.895567691E+00   7.588756980E+00   1.521565260E+01
  -3.184451726E+05   3.981071706E+00   0.000000000E+00   2.656606984E+04   9.881744108E+00   9.881744108E+00   7.622469679E+00   1.528338209E+01
  -3.164794617E+05   3.981071706E+00   0.000000000E+00   2.681204486E+04   9.868012901E+00   9.868012901E+00   7.656332145E+00   1.535141306E+01
  -3.145137507E+05   3.981071706E+00   0.000000000E+00   2.706029737E+04   9.854370758E+00   9.854370758E+00   7.690345043E+00   1.541974685E+01
  -3.125480398E+05   3.981071706E+00   0.000000000E+00   2.731084844E+04   9.838200245E+00   9.838200245E+00   7.724509041E+00   1.548838482E+01
  -3.105823288E+05   3.981071706E+00   0.000000000E+00   2.756371937E+04   9.820941413E+00   9.820941413E+00   7.758824812E+00   1.555732831E+01
  -3.086166179E+05   3.981071706E+00   0.000000000E+00   2.781893162E+04   9.803847897E+00   9.803847897E+00   7.793293029E+00   1.562657870E+01
  -3.066509070E+05   3.981071706E+00   0.000000000E+00   2.807650688E+04   9.786920510E+00   9.786920510E+00   7.827914370E+00   1.569613734E+01
  -3.046851960E+05   3.981071706E+00   0.000000000E+00   2.833646703E+04   9.770160043E+00   9.770160043E+00   7.862689514E+00   1.576600561E+01
  -3.027194851E+05   3.981071706E+00   0.000000000E+00   2.859883415E+04   9.753567260E+00   9.753567260E+00   7.897619145E+00   1.583618488E+01
  -3.007537741E+05   3.981071706E+00   0.000000000E+00   2.886363052E+04   9.737142902E+00   9.737142902E+00   7.932703949E+00   1.590667654E+01
  -2.987880632E+05   3.981071706E+00   0.000000000E+00   2.913087865E+04   9.720887685E+00   9.720887685E+00   7.967944616E+00   1.597748198E+01
  -2.968223523E+05   3.981071706E+00   0.000000000E+00   2.940060121E+04   9.704802297E+00   9.704802297E+00   8.003341838E+00   1.604860259E+01
  -2.948566413E+05   3.981071706E+00   0.000000000E+00   2.967282114E+04   9.688887398E+00   9.688887398E+00   8.038896311E+00   1.612003979E+01
  -2.928909304E+05   3.981071706E+00   0.000000000E+00   2.994756155E+04   9.673143623E+00   9.673143623E+00   8.074608732E+00   1.619179498E+01
  -2.909252194E+05   3.981071706E+00   0.000000000E+00   3.022484578E+04   9.657571576E+00   9.657571576E+00   8.110479804E+00   1.626386956E+01
  -2.889595085E+05   3.981071706E+00   0.000000000E+00   3.050469738E+04   9.642171831E+00   9.642171831E+00   8.146510232E+00   1.633626498E+01
  -2.869937975E+05   3.981071706E+00   0.000000000E+00   3.078714013E+04   9.626944934E+00   9.626944934E+00   8.182700724E+00   1.640898265E+01
  -2.850280866E+05   3.981071706E+00   0.000000000E+00   3.107219801E+04   9.611891397E+00   9.611891397E+00   8.219051990E+00   1.648202400E+01
  -2.830623757E+05   3.981071706E+00   0.000000000E+00   3.142522754E+04   9.593436609E+00   9.593436609E+00   8.264426129E+00   1.657323060E+01
  -2.810966647E+05   3.981071706E+00   0.000000000E+00   3.194999904E+04   9.566387191E+00   9.566387191E+00   8.332629436E+00   1.671039919E+01
  -2.791309538E+05   3.981071706E+00   0.000000000E+00   3.248353372E+04   9.539939784E+00   9.539939784E+00   8.401395600E+00   1.684870305E+01
  -2.771652428E+05   3.981071706E+00   0.000000000E+00   3.302597793E+04   9.514096454E+00   9.514096454E+00   8.470729266E+00   1.698815158E+01
  -2.751995319E+05   3.981071706E+00   0.000000000E+00   3.357748044E+04   9.488858820E+00   9.488858820E+00   8.540635117E+00   1.712875426E+01
  -2.732338209E+05   3.981071706E+00   0.000000000E+00   3.413819252E+04   9.464228038E+00   9.464228038E+00   8.611117876E+00   1.727052064E+01
  -2.712681100E+05   3.981071706E+00   0.000000000E+00   3.470826796E+04   9.440204772E+00   9.440204772E+00   8.682182304E+00   1.741346035E+01
  -2.693023991E+05   3.981071706E+00   0.000000000E+00   3.528786312E+04   9.416789174E+00   9.416789174E+00   8.753833201E+00   1.755758311E+01
  -2.673366881E+05   3.981071706E+00   0.000000000E+00   3.587713697E+04   9.393980862E+00   9.393980862E+00   8.826075406E+00   1.770289870E+01
  -2.653709772E+05   3.981071706E+00   0.000000000E+00   3.647625113E+04   9.371778892E+00   9.371778892E+00   8.898913800E+00   1.784941699E+01
  -2.634052662E+05   3.981071706E+00   0.000000000E+00   3.708536993E+04   9.350181733E+00   9.350181733E+00   8.972353303E+00   1.799714795E+01
  -2.614395553E+05   3.981071706E+00   0.000000000E+00   3.770466044E+04   9.329187242E+00   9.329187242E+00   9.046398876E+00   1.814610160E+01
  -2.594738444E+05   3.981071706E+00   0.000000000E+00   3.833429251E+04   9.308792636E+00   9.308792636E+00   9.121055519E+00   1.829628807E+01
  -2.575081334E+05   3.981071706E+00   0.000000000E+00   3.897443884E+04   9.288994463E+00   9.288994463E+00   9.196328277E+00   1.844771756E+01
  -2.555424225E+05   3.981071706E+00   0.000000000E+00   3.962527501E+04   9.269788575E+00   9.269788575E+00   9.272222234E+00   1.860040036E+01
  -2.535767115E+05   3.981071706E+00   0.000000000E+00   4.028697952E+04   9.251170095E+00   9.251170095E+00   9.348742515E+00   1.875434684E+01
  -2.516110006E+05   3.981071706E+00   0.000000000E+00   4.095973388E+04   9.233133389E+00   9.233133389E+00   9.425894291E+00   1.890956746E+01
  -2.496452896E+05   3.981071706E+00   0.000000000E+00   4.164372259E+04   9.215672032E+00   9.215672032E+00   9.503682773E+00   1.906607277E+01
  -2.476795787E+05   3.981071706E+00   0.000000000E+00   4.233913326E+04   9.198778775E+00   9.198778775E+00   9.582113214E+00   1.922387340E+01
  -2.457138678E+05   3.981071706E+00   0.000000000E+00   4.304615664E+04   9.182445511E+00   9.182445511E+00   9.661190914E+00   1.938298006E+01
  -2.437481568E+05   3.981071706E+00   0.000000000E+00   4.376498663E+04   9.166663241E+00   9.166663241E+00   9.740921213E+00   1.954340357E+01
  -2.417824459E+05   3.981071706E+00   0.000000000E+00   4.449582040E+04   9.151422037E+00   9.151422037E+00   9.821309497E+00   1.970515483E+01
  -2.398167349E+05   3.981071706E+00   0.000000000E+00   4.523885840E+04   9.136711002E+00   9.136711002E+00   9.902361197E+00   1.986824483E+01
  -2.378510240E+05   3.981071706E+00   0.000000000E+00   4.599430444E+04   9.122518235E+00   9.122518235E+00   9.984081786E+00   2.003268464E+01
  -2.358853130E+05   3.981071706E+00   0.000000000E+00   4.676236570E+04   9.108830790E+00   9.108830790E+00   1.006647679E+01   2.019848545E+01
  -2.339196021E+05   3.981071706E+00   0.000000000E+00   4.754325286E+04   9.095634631E+00   9.095634631E+00   1.014955176E+01   2.036565850E+01
  -2.319538912E+05   3.981071706E+00   0.000000000E+00   4.833718010E+04   9.082914596E+00   9.082914596E+00   1.023331233E+01   2.053421517E+01
  -2.299881802E+05   3.981071706E+00   0.000000000E+00   4.914436516E+04   9.070654347E+00   9.070654347E+00   1.031776414E+01   2.070416689E+01
  -2.280224693E+05   3.981071706E+00   0.000000000E+00   4.996502945E+04   9.058836330E+00   9.058836330E+00   1.040291289E+01   2.087552523E+01
  -2.260567583E+05   3.981071706E+00   0.000000000E+00   5.079939806E+04   9.047441723E+00   9.047441723E+00   1.048876436E+01   2.104830181E+01
  -2.240910474E+05   3.981071706E+00   0.000000000E+00   5.164769983E+04   9.036450392E+00   9.036450392E+00   1.057532432E+01   2.122250839E+01
  -2.221253365E+05   3.981071706E+00   0.000000000E+00   5.251016744E+04   9.025840840E+00   9.025840840E+00   1.066259863E+01   2.139815678E+01
  -2.201596255E+05   3.981071706E+00   0.000000000E+00   5.338703744E+04   9.015590154E+00   9.015590154E+00   1.075059318E+01   2.157525893E+01
  -2.181939146E+05   3.981071706E+00   0.000000000E+00   5.427855033E+04   9.005673957E+00   9.005673957E+00   1.083931392E+01   2.175382687E+01
  -2.162282036E+05   3.981071706E+00   0.000000000E+00   5.518495065E+04   8.996066347E+00   8.996066347E+00   1.092876684E+01   2.193387273E+01
  -2.142624927E+05   3.981071706E+00   0.000000000E+00   5.610648699E+04   8.986739848E+00   8.986739848E+00   1.101895798E+01   2.211540875E+01
  -2.122967817E+05   3.981071706E+00   0.000000000E+00   5.704341211E+04   8.977665344E+00   8.977665344E+00   1.110989344E+01   2.229844725E+01
  -2.103310708E+05   3.981071706E+00   0.000000000E+00   5.799598300E+04   8.968812030E+00   8.968812030E+00   1.120157936E+01   2.248300066E+01
  -2.083653599E+05   3.981071706E+00   0.000000000E+00   5.896446091E+04   8.960147338E+00   8.960147338E+00   1.129402192E+01   2.266908154E+01
  -2.063996489E+05   3.981071706E+00   0.000000000E+00   5.994911149E+04   8.951636887E+00   8.951636887E+00   1.138722738E+01   2.285670252E+01
  -2.044339380E+05   3.981071706E+00   0.000000000E+00   6.095020480E+04   8.943244405E+00   8.943244405E+00   1.148120203E+01   2.304587635E+01
  -2.024682270E+05   3.981071706E+00   0.000000000E+00   6.196801542E+04   8.934931672E+00   8.934931672E+00   1.157595222E+01   2.323661588E+01
  -2.005025161E+05   3.981071706E+00   0.000000000E+00   6.300282251E+04   8.926658445E+00   8.926658445E+00   1.167148435E+01   2.342893406E+01
  -1.985368052E+05   3.981071706E+00   0.000000000E+00   6.405490990E+04   8.918382390E+00   8.918382390E+00   1.176780487E+01   2.362284397E+01
  -1.965710942E+05   3.981071706E+00   0.000000000E+00   6.512456615E+04   8.904100561E+00   8.904100561E+00   1.186492029E+01   2.381835878E+01
  -1.946053833E+05   3.981071706E+00   0.000000000E+00   6.621208464E+04   8.887618536E+00   8.887618536E+00   1.196283717E+01   2.401549177E+01
  -1.926396723E+05   3.981071706E+00   0.000000000E+00   6.731776366E+04   8.871382056E+00   8.871382056E+00   1.206156212E+01   2.421425633E+01
  -1.906739614E+05   3.981071706E+00   0.000000000E+00   6.844190647E+04   8.855393409E+00   8.855393409E+00   1.216110181E+01   2.441466597E+01
  -1.887082504E+05   3.981071706E+00   0.000000000E+00   6.958482140E+04   8.839654760E+00   8.839654760E+00   1.226146296E+01   2.461673430E+01
  -1.867425395E+05   3.981071706E+00   0.000000000E+00   7.074682193E+04   8.824168133E+00   8.824168133E+00   1.236265236E+01   2.482047506E+01
  -1.847768286E+05   3.981071706E+00   0.000000000E+00   7.192822676E+04   8.808935414E+00   8.808935414E+00   1.246467684E+01   2.502590208E+01
  -1.828111176E+05   3.981071706E+00   0.000000000E+00   7.312935994E+04   8.793958337E+00   8.793958337E+00   1.256754329E+01   2.523302931E+01
  -1.808454067E+05   3.981071706E+00   0.000000000E+00   7.435055089E+04   8.779238475E+00   8.779238475E+00   1.267125866E+01   2.544187084E+01
  -1.788796957E+05   3.981071706E+00   0.000000000E+00   7.559213458E+04   8.764777236E+00   8.764777236E+00   1.277582996E+01   2.565244085E+01
  -1.769139848E+05   3.981071706E+00   0.000000000E+00   7.685445154E+04   8.750575854E+00   8.750575854E+00   1.288126424E+01   2.586475365E+01
  -1.749482738E+05   3.981071706E+00   0.000000000E+00   7.813784800E+04   8.736635376E+00   8.736635376E+00   1.298756863E+01   2.607882365E+01
  -1.729825629E+05   3.981071706E+00   0.000000000E+00   7.944267596E+04   8.722956655E+00   8.722956655E+00   1.309475032E+01   2.629466541E+01
  -1.710168520E+05   3.981071706E+00   0.000000000E+00   8.076929331E+04   8.709540343E+00   8.709540343E+00   1.320281654E+01   2.651229359E+01
  -1.690511410E+05   3.981071706E+00   0.000000000E+00   8.211806391E+04   8.696386876E+00   8.696386876E+00   1.331177459E+01   2.673172297E+01
  -1.670854301E+05   3.981071706E+00   0.000000000E+00   8.348935770E+04   8.683496469E+00   8.683496469E+00   1.342163183E+01   2.695296846E+01
  -1.651197191E+05   3.981071706E+00   0.000000000E+00   8.488355079E+04   8.670869101E+00   8.670869101E+00   1.353239568E+01   2.717604509E+01
  -1.631540082E+05   3.981071706E+00   0.000000000E+00   8.630102559E+04   8.658504507E+00   8.658504507E+00   1.364407362E+01   2.740096802E+01
  -1.611882973E+05   3.981071706E+00   0.000000000E+00   8.774217088E+04   8.646402167E+00   8.646402167E+00   1.375667321E+01   2.762775252E+01
  -1.592225863E+05   3.981071706E+00   0.000000000E+00   8.920738192E+04   8.634561291E+00   8.634561291E+00   1.387020203E+01   2.785641401E+01
  -1.572568754E+05   3.981071706E+00   0.000000000E+00   9.069706060E+04   8.622980811E+00   8.622980811E+00   1.398466777E+01   2.808696802E+01
  -1.552911644E+05   3.981071706E+00   0.000000000E+00   9.221161550E+04   8.611659364E+00   8.611659364E+00   1.410007815E+01   2.831943022E+01
  -1.533254535E+05   3.981071706E+00   0.000000000E+00   9.375146202E+04   8.600595285E+00   8.600595285E+00   1.421644098E+01   2.855381639E+01
  -1.513597425E+05   3.981071706E+00   0.000000000E+00   9.531702253E+04   8.589786588E+00   8.589786588E+00   1.433376410E+01   2.879014246E+01
  -1.493940316E+05   3.981071706E+00   0.000000000E+00   9.690872641E+04   8.579230957E+00   8.579230957E+00   1.445205545E+01   2.902842449E+01
  -1.474283207E+05   3.981071706E+00   0.000000000E+00   9.852701024E+04   8.568925728E+00   8.568925728E+00   1.457132301E+01   2.926867866E+01
  -1.454626097E+05   3.981071706E+00   0.000000000E+00   1.001723179E+05   8.558867876E+00   8.558867876E+00   1.469157485E+01   2.951092130E+01
  -1.434968988E+05   3.981071706E+00   0.000000000E+00   1.025276572E+05   8.545254634E+00   8.545254634E+00   1.486084942E+01   2.985258675E+01
  -1.415311878E+05   3.981071706E+00   0.000000000E+00   1.056246454E+05   8.528558600E+00   8.528558600E+00   1.507963806E+01   3.029468760E+01
  -1.395654769E+05   3.981071706E+00   0.000000000E+00   1.088151823E+05   8.512591272E+00   8.512591272E+00   1.530164781E+01   3.074333573E+01
  -1.375997659E+05   3.981071706E+00   0.000000000E+00   1.121020937E+05   8.497322702E+00   8.497322702E+00   1.552692610E+01   3.119862810E+01
  -1.356340550E+05   3.981071706E+00   0.000000000E+00   1.154882908E+05   8.482718175E+00   8.482718175E+00   1.575552104E+01   3.166066310E+01
  -1.336683441E+05   3.981071706E+00   0.000000000E+00   1.189767726E+05   8.468737870E+00   8.468737870E+00   1.598748147E+01   3.212954060E+01
  -1.317026331E+05   3.981071706E+00   0.000000000E+00   1.225706288E+05   8.455336506E+00   8.455336506E+00   1.622285693E+01   3.260536192E+01
  -1.297369222E+05   3.981071706E+00   0.000000000E+00   1.262730423E+05   8.442462961E+00   8.442462961E+00   1.646169771E+01   3.308822990E+01
  -1.277712112E+05   3.981071706E+00   0.000000000E+00   1.300872923E+05   8.430059875E+00   8.430059875E+00   1.670405481E+01   3.357824890E+01
  -1.258055003E+05   3.981071706E+00   0.000000000E+00   1.340167569E+05   8.418063228E+00   8.418063228E+00   1.694998002E+01   3.407552482E+01
  -1.238397894E+05   3.981071706E+00   0.000000000E+00   1.380649163E+05   8.406401897E+00   8.406401897E+00   1.719952585E+01   3.458016513E+01
  -1.218740784E+05   3.981071706E+00   0.000000000E+00   1.422353560E+05   8.394997183E+00   8.394997183E+00   1.745274562E+01   3.509227889E+01
  -1.199083675E+05   3.981071706E+00   0.000000000E+00   1.465317695E+05   8.383762322E+00   8.383762322E+00   1.770969341E+01   3.561197678E+01
  -1.179426565E+05   3.981071706E+00   0.000000000E+00   1.509579620E+05   8.372601956E+00   8.372601956E+00   1.797042412E+01   3.613937112E+01
  -1.159769456E+05   3.981071706E+00   0.000000000E+00   1.555178538E+05   8.361411587E+00   8.361411587E+00   1.823499343E+01   3.667457589E+01
  -1.140112346E+05   3.981071706E+00   0.000000000E+00   1.602154833E+05   8.350076995E+00   8.350076995E+00   1.850345785E+01   3.721770675E+01
  -1.120455237E+05   3.981071706E+00   0.000000000E+00   1.650550111E+05   8.334494450E+00   8.334494450E+00   1.877587474E+01   3.776888110E+01
  -1.100798128E+05   3.981071706E+00   0.000000000E+00   1.700407235E+05   8.316930215E+00   8.316930215E+00   1.905230228E+01   3.832821804E+01
  -1.081141018E+05   3.981071706E+00   0.000000000E+00   1.751770362E+05   8.299685542E+00   8.299685542E+00   1.933279953E+01   3.889583846E+01
  -1.061483909E+05   3.981071706E+00   0.000000000E+00   1.804684982E+05   8.282759747E+00   8.282759747E+00   1.961742639E+01   3.947186503E+01
  -1.041826799E+05   3.981071706E+00   0.000000000E+00   1.859197960E+05   8.266150971E+00   8.266150971E+00   1.990624366E+01   4.005642226E+01
  -1.022169690E+05   3.981071706E+00   0.000000000E+00   1.915357578E+05   8.249856073E+00   8.249856073E+00   2.019931304E+01   4.064963646E+01
  -1.002512580E+05   3.981071706E+00   0.000000000E+00   1.973213574E+05   8.233870535E+00   8.233870535E+00   2.049669714E+01   4.125163584E+01
  -9.828554710E+04   3.981071706E+00   0.000000000E+00   2.032817189E+05   8.218188347E+00   8.218188347E+00   2.079845946E+01   4.186255052E+01
  -9.631983616E+04   3.981071706E+00   0.000000000E+00   2.094221213E+05   8.202801896E+00   8.202801896E+00   2.110466448E+01   4.248251252E+01
  -9.435412522E+04   3.981071706E+00   0.000000000E+00   2.157480029E+05   8.187701838E+00   8.187701838E+00   2.141537759E+01   4.311165582E+01
  -9.238841428E+04   3.981071706E+00   0.000000000E+00   2.222649665E+05   8.172876974E+00   8.172876974E+00   2.173066518E+01   4.375011640E+01
  -9.042270334E+04   3.981071706E+00   0.000000000E+00   2.289787838E+05   8.158314108E+00   8.158314108E+00   2.205059458E+01   4.439803224E+01
  -8.845699239E+04   3.981071706E+00   0.000000000E+00   2.358954012E+05   8.143997904E+00   8.143997904E+00   2.237523414E+01   4.505554336E+01
  -8.649128145E+04   3.981071706E+00   0.000000000E+00   2.430209445E+05   8.129910734E+00   8.129910734E+00   2.270465320E+01   4.572279187E+01
  -8.452557051E+04   3.981071706E+00   0.000000000E+00   2.503617246E+05   8.116032510E+00   8.116032510E+00   2.303892213E+01   4.639992198E+01
  -8.255985957E+04   3.981071706E+00   0.000000000E+00   2.579242429E+05   8.102340520E+00   8.102340520E+00   2.337811232E+01   4.708708002E+01
  -8.059414863E+04   3.981071706E+00   0.000000000E+00   2.657151975E+05   8.088809243E+00   8.088809243E+00   2.372229624E+01   4.778441451E+01
  -7.862843768E+04   3.981071706E+00   0.000000000E+00   2.737414885E+05   8.075410156E+00   8.075410156E+00   2.407154740E+01   4.849207615E+01
  -7.666272674E+04   3.981071706E+00   0.000000000E+00   2.820102247E+05   8.062111535E+00   8.062111535E+00   2.442594041E+01   4.921021787E+01
  -7.469701580E+04   3.981071706E+00   0.000000000E+00   2.905287293E+05   8.048878239E+00   8.048878239E+00   2.478555096E+01   4.993899489E+01
  -7.273130486E+04   3.981071706E+00   0.000000000E+00   2.993045470E+05   8.035671489E+00   8.035671489E+00   2.515045587E+01   5.067856471E+01
  -7.076559391E+04   3.981071706E+00   0.000000000E+00   3.083454502E+05   8.021824466E+00   8.021824466E+00   2.552073310E+01   5.142908717E+01
  -6.879988297E+04   3.981071706E+00   0.000000000E+00   3.176594463E+05   8.006883184E+00   8.006883184E+00   2.589646172E+01   5.219072446E+01
  -6.683417203E+04   3.981071706E+00   0.000000000E+00   3.281727370E+05   7.990731460E+00   7.990731460E+00   2.631366684E+01   5.303749428E+01
  -6.486846109E+04   3.981071706E+00   0.000000000E+00   3.461994318E+05   7.964681427E+00   7.964681427E+00   2.701188830E+01   5.446170166E+01
  -6.290275015E+04   3.981071706E+00   0.000000000E+00   3.652163420E+05   7.939133898E+00   7.939133898E+00   2.772863676E+01   5.592415305E+01
  -6.093703920E+04   3.981071706E+00   0.000000000E+00   3.852778608E+05   7.914062837E+00   7.914062837E+00   2.846440381E+01   5.742587541E+01
  -5.897132826E+04   3.981071706E+00   0.000000000E+00   4.064413690E+05   7.889430934E+00   7.889430934E+00   2.921969412E+01   5.896792328E+01
  -5.700561732E+04   3.981071706E+00   0.000000000E+00   4.287673993E+05   7.865188049E+00   7.865188049E+00   2.999502572E+01   6.055137953E+01
  -5.503990638E+04   3.981071706E+00   0.000000000E+00   4.523198099E+05   7.841269483E+00   7.841269483E+00   3.079093040E+01   6.217735606E+01
  -5.307419544E+04   3.981071706E+00   0.000000000E+00   4.771659663E+05   7.817594071E+00   7.817594071E+00   3.160795406E+01   6.384699469E+01
  -5.110848449E+04   3.981071706E+00   0.000000000E+00   5.033769347E+05   7.793590167E+00   7.793590167E+00   3.244665708E+01   6.556146786E+01
  -4.914277355E+04   3.981071706E+00   0.000000000E+00   5.310276849E+05   7.768742300E+00   7.768742300E+00   3.330761471E+01   6.732197950E+01
  -4.717706261E+04   3.981071706E+00   0.000000000E+00   5.601973047E+05   7.744277158E+00   7.744277158E+00   3.419141747E+01   6.912976588E+01
  -4.521135167E+04   3.981071706E+00   0.000000000E+00   5.909692266E+05   7.720173321E+00   7.720173321E+00   3.509867154E+01   7.098609646E+01
  -4.324564073E+04   3.981071706E+00   0.000000000E+00   6.234314658E+05   7.696399942E+00   7.696399942E+00   3.602999919E+01   7.289227479E+01
  -4.127992978E+04   3.981071706E+00   0.000000000E+00   6.576768721E+05   7.672915433E+00   7.672915433E+00   3.698603921E+01   7.484963942E+01
  -3.931421884E+04   3.981071706E+00   0.000000000E+00   6.938033961E+05   7.649666019E+00   7.649666019E+00   3.796744733E+01   7.685956485E+01
  -3.734850790E+04   3.981071706E+00   0.000000000E+00   7.319143683E+05   7.626584127E+00   7.626584127E+00   3.897489668E+01   7.892346249E+01
  -3.538279696E+04   3.981071706E+00   0.000000000E+00   7.721187955E+05   7.602637372E+00   7.602637372E+00   4.000907824E+01   8.104278164E+01
  -3.341708602E+04   3.981071706E+00   0.000000000E+00   8.145316723E+05   7.578971191E+00   7.578971191E+00   4.107070136E+01   8.321901054E+01
  -3.145137507E+04   3.981071706E+00   0.000000000E+00   8.592743099E+05   7.555581305E+00   7.555581305E+00   4.216049417E+01   8.545367736E+01
  -2.948566413E+04   3.981071706E+00   0.000000000E+00   9.064746832E+05   7.532424750E+00   7.532424750E+00   4.327920415E+01   8.774835133E+01
  -2.751995319E+04   3.981071706E+00   0.000000000E+00   9.562677970E+05   7.509446630E+00   7.509446630E+00   4.442759860E+01   9.010464381E+01
  -2.555424225E+04   3.981071706E+00   0.000000000E+00   1.008796072E+06   7.486578562E+00   7.486578562E+00   4.560646519E+01   9.252420944E+01
  -2.358853130E+04   3.981071706E+00   0.000000000E+00   1.073247419E+06   7.459335328E+00   7.459335328E+00   4.701252260E+01   9.542019996E+01
  -2.162282036E+04   3.981071706E+00   0.000000000E+00   1.181493359E+06   7.417231967E+00   7.417231967E+00   4.928631201E+01   1.001396379E+02
  -1.965710942E+04   3.981071706E+00   0.000000000E+00   1.300656804E+06   7.375604305E+00   7.375604305E+00   5.167007463E+01   1.050924971E+02
  -1.769139848E+04   3.981071706E+00   0.000000000E+00   1.431838874E+06   7.333649886E+00   7.333649886E+00   5.416912939E+01   1.102903223E+02
  -1.572568754E+04   3.981071706E+00   0.000000000E+00   1.576251749E+06   7.291746979E+00   7.291746979E+00   5.678905246E+01   1.157452295E+02
  -1.375997659E+04   3.981071706E+00   0.000000000E+00   1.735229864E+06   7.249961948E+00   7.249961948E+00   5.953568971E+01   1.214699339E+02
  -1.179426565E+04   3.981071706E+00   0.000000000E+00   1.910242246E+06   7.207198820E+00   7.207198820E+00   6.241516975E+01   1.274777794E+02
  -9.828554710E+03   3.981071706E+00   0.000000000E+00   2.102906085E+06   7.164565986E+00   7.164565986E+00   6.543391761E+01   1.337827701E+02
  -7.862843768E+03   3.981071706E+00   0.000000000E+00   2.315001676E+06   7.121597978E+00   7.121597978E+00   6.859866905E+01   1.403996026E+02
  -5.897132826E+03   3.981071706E+00   0.000000000E+00   2.548488874E+06   7.078624694E+00   7.078624694E+00   7.191648563E+01   1.473437006E+02
  -3.931421884E+03   3.981071706E+00   0.000000000E+00   2.805525200E+06   7.034944353E+00   7.034944353E+00   7.539477044E+01   1.546312504E+02
  -1.965710942E+03   3.981071706E+00   0.000000000E+00   3.399985292E+06   6.946546470E+00   6.946546470E+00   8.286416470E+01   1.703054934E+02
   0.000000000E+00   3.981071706E+00   0.000000000E+00   3.460249526E+06   6.947115325E+00   6.947115325E+00   8.281406907E+01   1.703835529E+02
   6.588060975E+02   3.979159203E+00   0.000000000E+00   3.478206663E+06   6.945115300E+00   6.945115300E+00   8.299029319E+01   1.707687967E+02
   9.882091462E+02   3.976797848E+00   0.000000000E+00   3.487219984E+06   6.944114293E+00   6.944114293E+00   8.307865273E+01   1.709617042E+02
   1.317612195E+03   3.973514052E+00   0.000000000E+00   3.496256433E+06   6.943112589E+00   6.943112589E+00   8.316718067E+01   1.711548024E+02
   1.647015244E+03   3.969281983E+00   0.000000000E+00   3.505315979E+06   6.942110131E+00   6.942110131E+00   8.325588241E+01   1.713480902E+02
   1.976418292E+03   3.964125230E+00   0.000000000E+00   3.514398591E+06   6.941106904E+00   6.941106904E+00   8.334475968E+01   1.715415682E+02
   2.305821341E+03   3.958027399E+00   0.000000000E+00   3.523504234E+06   6.940102857E+00   6.940102857E+00   8.343381735E+01   1.717352357E+02
   2.397860464E+03   3.956144335E+00   9.804127956E-05   3.526052568E+06   6.939822153E+00   6.939822153E+00   8.345873474E+01   1.717893822E+02
   2.964627439E+03   3.942999980E+00   1.158077832E-04   3.574318981E+06   6.934561691E+00   6.934561691E+00   8.392638988E+01   1.728155130E+02
   3.294030487E+03   3.934061986E+00   1.275352630E-04   3.602675451E+06   6.931503978E+00   6.931503978E+00   8.419958717E+01   1.734146704E+02
   3.623433536E+03   3.924170851E+00   1.404157822E-04   3.631257978E+06   6.928445853E+00   6.928445853E+00   8.447383108E+01   1.740158750E+02
   3.952836585E+03   3.913331288E+00   1.545590916E-04   3.660068551E+06   6.925387195E+00   6.925387195E+00   8.474913706E+01   1.746191337E+02
   4.282239634E+03   3.901514096E+00   1.700835088E-04   3.689109183E+06   6.922327842E+00   6.922327842E+00   8.502552432E+01   1.752244519E+02
   4.611642682E+03   3.888741072E+00   1.871201152E-04   3.718381907E+06   6.919267687E+00   6.919267687E+00   8.530300747E+01   1.758318371E+02
   4.941045731E+03   3.874988957E+00   2.036389900E-04   3.754405004E+06   6.915541315E+00   6.915541315E+00   8.564135743E+01   1.765759058E+02
   5.270448780E+03   3.860242205E+00   2.159895792E-04   3.806615094E+06   6.910218187E+00   6.910218187E+00   8.612548865E+01   1.776479395E+02
   5.599851829E+03   3.844527611E+00   2.290282252E-04   3.859551477E+06   6.904895225E+00   6.904895225E+00   8.661271252E+01   1.787264410E+02
   5.929254877E+03   3.827800183E+00   2.427856779E-04   3.913224272E+06   6.899572091E+00   6.899572091E+00   8.710308193E+01   1.798114466E+02
   6.258657926E+03   3.810067219E+00   2.572967063E-04   3.967643724E+06   6.894248505E+00   6.894248505E+00   8.759664495E+01   1.809029940E+02
   6.588060975E+03   3.791326917E+00   2.725967106E-04   4.022820224E+06   6.888924174E+00   6.888924174E+00   8.809345215E+01   1.820011212E+02
   6.917464024E+03   3.771545037E+00   2.887197324E-04   4.078764319E+06   6.883598737E+00   6.883598737E+00   8.859356105E+01   1.831058648E+02
   7.246867072E+03   3.750741617E+00   3.057046978E-04   4.135486686E+06   6.878271915E+00   6.878271915E+00   8.909702243E+01   1.842172636E+02
   7.576270121E+03   3.728884447E+00   3.199051955E-04   4.220406426E+06   6.870235971E+00   6.870235971E+00   8.983208613E+01   1.858693397E+02
   7.905673170E+03   3.705954451E+00   3.344176400E-04   4.308822270E+06   6.862029447E+00   6.862029447E+00   9.058847578E+01   1.875698882E+02
   8.235076219E+03   3.681972982E+00   3.494752371E-04   4.399088174E+06   6.853820913E+00   6.853820913E+00   9.135216373E+01   1.892859242E+02
   8.564479267E+03   3.656887288E+00   3.650850692E-04   4.491242616E+06   6.845609504E+00   6.845609504E+00   9.212329779E+01   1.910175830E+02
   8.893882316E+03   3.630701200E+00   3.812586165E-04   4.585324851E+06   6.837394452E+00   6.837394452E+00   9.290201927E+01   1.927650032E+02
   9.223285365E+03   3.603404382E+00   3.980052457E-04   4.681374930E+06   6.829174931E+00   6.829174931E+00   9.368847820E+01   1.945283238E+02
   9.552688414E+03   3.574954434E+00   4.153296259E-04   4.779433718E+06   6.820949973E+00   6.820949973E+00   9.448284056E+01   1.963076833E+02
   9.882091462E+03   3.545368926E+00   4.322384788E-04   4.904007481E+06   6.810587842E+00   6.810587842E+00   9.546413146E+01   1.985455055E+02
   1.021149451E+04   3.514602591E+00   4.489240698E-04   5.049473952E+06   6.798733886E+00   6.798733886E+00   9.658421554E+01   2.011224484E+02
   1.054089756E+04   3.482630016E+00   4.660565879E-04   5.199255545E+06   6.786880448E+00   6.786880448E+00   9.771960288E+01   2.037327179E+02
   1.083367302E+04   3.453212135E+00   4.816584944E-04   5.336107828E+06   6.776344622E+00   6.776344622E+00   9.874187534E+01   2.060810588E+02
   1.117734691E+04   3.417421139E+00   5.004096580E-04   5.501354745E+06   6.763975270E+00   6.763975270E+00   9.995803488E+01   2.088720760E+02
   1.150549603E+04   3.381954411E+00   5.187432470E-04   5.663910813E+06   6.752161432E+00   6.752161432E+00   1.011359585E+02   2.115721368E+02
   1.181840489E+04   3.346963095E+00   5.366077559E-04   5.823389341E+06   6.740892133E+00   6.740892133E+00   1.022747554E+02   2.141791596E+02
   1.198930214E+04   3.327335845E+00   5.465129973E-04   5.912377683E+06   6.734735030E+00   6.734735030E+00   1.029032935E+02   2.156164777E+02
   1.227901800E+04   3.293267079E+00   5.640128116E-04   6.130738532E+06   6.725902896E+00   6.725902896E+00   1.043743018E+02   2.191189594E+02
   1.255907266E+04   3.259328757E+00   5.812235570E-04   6.349481722E+06   6.717410032E+00   6.717410032E+00   1.058192009E+02   2.225585475E+02
   1.282802826E+04   3.225787672E+00   5.980101596E-04   6.566900589E+06   6.709297046E+00   6.709297046E+00   1.072285925E+02   2.259124692E+02
   1.308669421E+04   3.192637458E+00   6.143778701E-04   6.783022949E+06   6.701536224E+00   6.701536224E+00   1.086046612E+02   2.291855857E+02
   1.333581072E+04   3.159868100E+00   6.303326606E-04   6.997889351E+06   6.694108099E+00   6.694108099E+00   1.099476945E+02   2.323824865E+02
   1.357602761E+04   3.127470505E+00   6.458777259E-04   7.211534887E+06   6.687040264E+00   6.687040264E+00   1.112376869E+02   2.355067414E+02
   1.380791864E+04   3.095436387E+00   6.610181691E-04   7.423972652E+06   6.680226971E+00   6.680226971E+00   1.124974695E+02   2.385623728E+02
   1.403199347E+04   3.063758135E+00   6.757570100E-04   7.635205095E+06   6.673652372E+00   6.673652372E+00   1.137284854E+02   2.415524935E+02
   1.424870715E+04   3.032428701E+00   6.900966354E-04   7.845225837E+06   6.667302315E+00   6.667302315E+00   1.149320157E+02   2.444798582E+02
   1.445846797E+04   3.001441515E+00   7.040389319E-04   8.054021019E+06   6.661164101E+00   6.661164101E+00   1.161092025E+02   2.473469151E+02
   1.466164383E+04   2.970790418E+00   7.193478254E-04   8.323334192E+06   6.659000000E+00   6.659000000E+00   1.175734289E+02   2.510157429E+02
   1.485856757E+04   2.940469607E+00   7.352767237E-04   8.628567244E+06   6.659000000E+00   6.659000000E+00   1.191862926E+02   2.551091342E+02
   1.504954145E+04   2.910493951E+00   7.508375310E-04   8.935251935E+06   6.659000000E+00   6.659000000E+00   1.207716274E+02   2.591423122E+02
   1.523496801E+04   2.880839287E+00   7.660373632E-04   9.243441110E+06   6.659000000E+00   6.659000000E+00   1.223311591E+02   2.631190571E+02
   1.541510295E+04   2.851482325E+00   7.808684810E-04   9.552997275E+06   6.659000000E+00   6.659000000E+00   1.238655411E+02   2.670404617E+02
   1.559007051E+04   2.822435087E+00   7.953181816E-04   9.863581159E+06   6.659000000E+00   6.659000000E+00   1.253744041E+02   2.709050363E+02
   1.576008136E+04   2.793721381E+00   8.093906356E-04   1.017502166E+07   6.659000000E+00   6.659000000E+00   1.268581975E+02   2.747134162E+02
   1.592549468E+04   2.765314074E+00   8.230980189E-04   1.048746111E+07   6.659000000E+00   6.659000000E+00   1.283187885E+02   2.784699080E+02
   1.608651655E+04   2.737173662E+00   8.364306609E-04   1.080080372E+07   6.659000000E+00   6.659000000E+00   1.297568277E+02   2.821757207E+02
   1.624313999E+04   2.709351439E+00   8.493788286E-04   1.111455158E+07   6.659000000E+00   6.659000000E+00   1.311711166E+02   2.858273340E+02
   1.639566120E+04   2.681843100E+00   8.619597001E-04   1.142882341E+07   6.659000000E+00   6.659000000E+00   1.325632450E+02   2.894284393E+02
   1.654435719E+04   2.654571999E+00   8.741667137E-04   1.174375054E+07   6.659000000E+00   6.659000000E+00   1.339347547E+02   2.929826165E+02
   1.668909803E+04   2.627639470E+00   8.859947276E-04   1.205861809E+07   6.659000000E+00   6.659000000E+00   1.352834791E+02   2.964838962E+02
   1.677067683E+04   2.612260105E+00   8.926221467E-04   1.223978209E+07   6.659000000E+00   6.659000000E+00   1.360496565E+02   2.984755626E+02
   1.690924241E+04   2.585873348E+00   9.038285533E-04   1.255374504E+07   6.659000000E+00   6.659000000E+00   1.373610547E+02   3.018890055E+02
   1.704503516E+04   2.559613000E+00   9.185658615E-04   1.299017743E+07   6.659000000E+00   6.659000000E+00   1.392235593E+02   3.066383649E+02
   1.717739322E+04   2.533654121E+00   9.348513939E-04   1.349168214E+07   6.659000000E+00   6.659000000E+00   1.413438227E+02   3.120190581E+02
   1.730657812E+04   2.507965725E+00   9.507959191E-04   1.399985684E+07   6.659000000E+00   6.659000000E+00   1.434444604E+02   3.173613338E+02
   1.743270173E+04   2.482521828E+00   9.663890124E-04   1.451447609E+07   6.659000000E+00   6.659000000E+00   1.455250152E+02   3.226641622E+02
   1.751108866E+04   2.466540279E+00   9.760905484E-04   1.484379775E+07   6.659000000E+00   6.659000000E+00   1.468332835E+02   3.260042243E+02
   1.763206849E+04   2.441611993E+00   9.910660321E-04   1.536677592E+07   6.659000000E+00   6.659000000E+00   1.488755549E+02   3.312267628E+02
   1.775056273E+04   2.416852977E+00   1.005711632E-03   1.589685218E+07   6.659000000E+00   6.659000000E+00   1.509034169E+02   3.364226059E+02
   1.786623095E+04   2.392390028E+00   1.019987302E-03   1.643190307E+07   6.659000000E+00   6.659000000E+00   1.529095678E+02   3.415726549E+02
   1.797935038E+04   2.368132489E+00   1.033893561E-03   1.697256230E+07   6.659000000E+00   6.659000000E+00   1.548973232E+02   3.466849665E+02
   1.808978277E+04   2.344185229E+00   1.047426925E-03   1.751751952E+07   6.659000000E+00   6.659000000E+00   1.568627977E+02   3.517491638E+02
   1.819788448E+04   2.320404741E+00   1.060583652E-03   1.806790337E+07   6.659000000E+00   6.659000000E+00   1.588109647E+02   3.567776141E+02
   1.830336579E+04   2.296974696E+00   1.073365873E-03   1.862159484E+07   6.659000000E+00   6.659000000E+00   1.607352384E+02   3.617529866E+02
   1.840677485E+04   2.273670910E+00   1.085776726E-03   1.918086012E+07   6.659000000E+00   6.659000000E+00   1.626443620E+02   3.666974424E+02
   1.850766754E+04   2.250711141E+00   1.097803323E-03   1.974268435E+07   6.659000000E+00   6.659000000E+00   1.645288926E+02   3.715862285E+02
   1.860657111E+04   2.227911411E+00   1.109463722E-03   2.030938495E+07   6.659000000E+00   6.659000000E+00   1.663974812E+02   3.764413765E+02
   1.870321628E+04   2.205369864E+00   1.120730156E-03   2.087883866E+07   6.659000000E+00   6.659000000E+00   1.682439179E+02   3.812464331E+02
   1.879776984E+04   2.183091506E+00   1.131632012E-03   2.145140014E+07   6.659000000E+00   6.659000000E+00   1.700702346E+02   3.860063600E+02
   1.883471619E+04   2.174303526E+00   1.135845182E-03   2.167936366E+07   6.659000000E+00   6.659000000E+00   1.707892404E+02   3.878822400E+02
   1.892612807E+04   2.152385139E+00   1.146162274E-03   2.225384016E+07   6.659000000E+00   6.659000000E+00   1.725812935E+02   3.925624237E+02
   1.901589453E+04   2.130672904E+00   1.156165361E-03   2.283277036E+07   6.659000000E+00   6.659000000E+00   1.743593988E+02   3.972128353E+02
   1.910398446E+04   2.109084764E+00   1.165792658E-03   2.341550865E+07   6.659000000E+00   6.659000000E+00   1.761221272E+02   4.018294148E+02
   1.919004521E+04   2.087785050E+00   1.175038571E-03   2.399916480E+07   6.659000000E+00   6.659000000E+00   1.778614744E+02   4.063909630E+02
   1.927440143E+04   2.066698657E+00   1.183932879E-03   2.458535888E+07   6.659000000E+00   6.659000000E+00   1.795830575E+02   4.109119142E+02
   1.935707980E+04   2.045767188E+00   1.192440396E-03   2.517376555E+07   6.659000000E+00   6.659000000E+00   1.812865911E+02   4.153912066E+02
   1.943788670E+04   2.025135870E+00   1.209362697E-03   2.614151878E+07   6.659000000E+00   6.659000000E+00   1.848184583E+02   4.229820219E+02
   1.951720541E+04   2.004674848E+00   1.228757847E-03   2.725221520E+07   6.659000000E+00   6.659000000E+00   1.889479548E+02   4.315830821E+02
   1.959491815E+04   1.984379490E+00   1.247784509E-03   2.838627869E+07   6.659000000E+00   6.659000000E+00   1.930831613E+02   4.401779469E+02
   1.967090181E+04   1.964372380E+00   1.266443211E-03   2.954077682E+07   6.659000000E+00   6.659000000E+00   1.972135660E+02   4.487453633E+02
   1.974550539E+04   1.944539319E+00   1.284778976E-03   3.071993263E+07   6.659000000E+00   6.659000000E+00   2.013547133E+02   4.573181918E+02
   1.981865073E+04   1.924860313E+00   1.302723672E-03   3.192167773E+07   6.659000000E+00   6.659000000E+00   2.054991403E+02   4.658811843E+02
   1.989019629E+04   1.905431453E+00   1.320259234E-03   3.314255902E+07   6.659000000E+00   6.659000000E+00   2.096352427E+02   4.744107691E+02
   1.996036261E+04   1.886232078E+00   1.337447352E-03   3.438519697E+07   6.659000000E+00   6.659000000E+00   2.137722568E+02   4.829263835E+02
   2.002929713E+04   1.867150474E+00   1.354255225E-03   3.565133039E+07   6.659000000E+00   6.659000000E+00   2.179159455E+02   4.914400515E+02
   2.009675011E+04   1.848261404E+00   1.370605703E-03   3.693531742E+07   6.659000000E+00   6.659000000E+00   2.220481221E+02   4.999147097E+02
   2.016275164E+04   1.829685858E+00   1.386584079E-03   3.823637321E+07   6.659000000E+00   6.659000000E+00   2.261670101E+02   5.083472732E+02
   2.022776295E+04   1.811192577E+00   1.402210750E-03   3.956265037E+07   6.659000000E+00   6.659000000E+00   2.302985894E+02   5.167910570E+02
   2.029143364E+04   1.792876222E+00   1.417380311E-03   4.090610121E+07   6.659000000E+00   6.659000000E+00   2.344179175E+02   5.251953106E+02
   2.035375699E+04   1.774772226E+00   1.432100922E-03   4.226523784E+07   6.659000000E+00   6.659000000E+00   2.385212243E+02   5.335527572E+02
   2.041485386E+04   1.756930948E+00   1.446456393E-03   4.364139537E+07   6.659000000E+00   6.659000000E+00   2.426132821E+02   5.418735958E+02
   2.047501938E+04   1.739170455E+00   1.460425219E-03   4.504029555E+07   6.659000000E+00   6.659000000E+00   2.467113572E+02   5.501930293E+02
   2.053393560E+04   1.721588475E+00   1.473922138E-03   4.645353035E+07   6.659000000E+00   6.659000000E+00   2.507912050E+02   5.584620957E+02
   2.059162504E+04   1.704210413E+00   1.486966387E-03   4.788023431E+07   6.659000000E+00   6.659000000E+00   2.548512611E+02   5.666780397E+02
   2.064819922E+04   1.687090108E+00   1.499648904E-03   4.932184238E+07   6.659000000E+00   6.659000000E+00   2.588964416E+02   5.748512950E+02
   2.070394923E+04   1.670041618E+00   1.511938674E-03   5.078483801E+07   6.659000000E+00   6.659000000E+00   2.629452899E+02   5.830193887E+02
   2.075856102E+04   1.653164247E+00   1.523757396E-03   5.225996363E+07   6.659000000E+00   6.659000000E+00   2.669726498E+02   5.911318130E+02
   2.081205410E+04   1.636457139E+00   1.535103153E-03   5.374633403E+07   6.659000000E+00   6.659000000E+00   2.709770939E+02   5.991860462E+02
   2.083057376E+04   1.630659461E+00   1.539000599E-03   5.427070119E+07   6.659000000E+00   6.659000000E+00   2.723773594E+02   6.019996816E+02
   2.088266230E+04   1.614292727E+00   1.549852009E-03   5.577308726E+07   6.659000000E+00   6.659000000E+00   2.763545297E+02   6.099835055E+02
   2.093403856E+04   1.597985502E+00   1.560311729E-03   5.729559320E+07   6.659000000E+00   6.659000000E+00   2.803339831E+02   6.179604203E+02
   2.098438343E+04   1.581841722E+00   1.570310764E-03   5.882800477E+07   6.659000000E+00   6.659000000E+00   2.842375498E+02   6.258782783E+02
   2.103371364E+04   1.565860596E+00   1.579859435E-03   6.037025081E+07   6.659000000E+00   6.659000000E+00   2.878816934E+02   6.337394988E+02
   2.108204831E+04   1.550105644E+00   1.589013630E-03   6.192056634E+07   6.659000000E+00   6.659000000E+00   2.914760781E+02   6.415367998E+02
   2.112293857E+04   1.536713150E+00   1.596605023E-03   6.326313886E+07   6.659000000E+00   6.659000000E+00   2.945348798E+02   6.482072310E+02
   2.116985783E+04   1.521205341E+00   1.605062815E-03   6.483955425E+07   6.659000000E+00   6.659000000E+00   2.980629886E+02   6.559456024E+02
   2.121588227E+04   1.505842254E+00   1.613079434E-03   6.642404977E+07   6.659000000E+00   6.659000000E+00   3.015418136E+02   6.636249829E+02
   2.126099401E+04   1.490633746E+00   1.620650315E-03   6.801467907E+07   6.659000000E+00   6.659000000E+00   3.049678802E+02   6.712381493E+02
   2.130520944E+04   1.475600707E+00   1.627802290E-03   6.961064630E+07   6.659000000E+00   6.659000000E+00   3.083409015E+02   6.787836694E+02
   2.134861005E+04   1.460813558E+00   1.634654433E-03   7.121360063E+07   6.659000000E+00   6.659000000E+00   3.116675387E+02   6.862716788E+02
   2.139148526E+04   1.446066749E+00   1.641130688E-03   7.283337528E+07   6.659000000E+00   6.659000000E+00   3.149658170E+02   6.937489695E+02
   2.142745797E+04   1.433583992E+00   1.646326781E-03   7.422075787E+07   6.659000000E+00   6.659000000E+00   3.177413886E+02   7.000843614E+02
   2.146877088E+04   1.419120171E+00   1.652012037E-03   7.584671959E+07   6.659000000E+00   6.659000000E+00   3.209373195E+02   7.074305518E+02
   2.150930510E+04   1.404791805E+00   1.657281321E-03   7.747663359E+07   6.659000000E+00   6.659000000E+00   3.240805694E+02   7.147119907E+02
   2.154904596E+04   1.390648581E+00   1.662183176E-03   7.910862861E+07   6.659000000E+00   6.659000000E+00   3.271696325E+02   7.219225516E+02
   2.158074328E+04   1.379350308E+00   1.665959413E-03   8.043490489E+07   6.659000000E+00   6.659000000E+00   3.296396010E+02   7.277251183E+02
   2.161871664E+04   1.365704080E+00   1.823756969E-03   9.197132142E+07   6.989740980E+00   6.989740980E+00   3.737480640E+02   8.114735961E+02
   2.165672009E+04   1.351921789E+00   1.997120657E-03   1.052469308E+08   7.338789335E+00   7.338789335E+00   4.240552296E+02   9.055587990E+02
   2.169399813E+04   1.338276537E+00   2.183692781E-03   1.202131377E+08   7.699782312E+00   7.699782312E+00   4.802637014E+02   1.009130792E+03
   2.173055907E+04   1.324768447E+00   2.384148953E-03   1.370515826E+08   8.072816578E+00   8.072816578E+00   5.429444471E+02   1.122971444E+03
   2.176641520E+04   1.311396368E+00   2.599194931E-03   1.559610887E+08   8.458016547E+00   8.458016547E+00   6.127166006E+02   1.247922130E+03
   2.180157922E+04   1.298259612E+00   2.829742720E-03   1.771548683E+08   8.855460911E+00   8.855460911E+00   6.902428787E+02   1.384857521E+03
   2.183633058E+04   1.285202439E+00   3.078448957E-03   2.010620059E+08   9.268514722E+00   9.268514722E+00   7.769399922E+02   1.535948165E+03
   2.187053595E+04   1.272236120E+00   3.345334475E-03   2.278949248E+08   9.695920336E+00   9.695920336E+00   8.734059464E+02   1.701875827E+03
   2.190409775E+04   1.259399465E+00   3.630475137E-03   2.578725875E+08   1.013654444E+01   1.013654444E+01   9.802505607E+02   1.883325559E+03
   2.193702510E+04   1.246691592E+00   3.934653320E-03   2.904262637E+08   1.062328408E+01   1.062328408E+01   1.097951387E+03   2.079554440E+03
   2.196932812E+04   1.234111427E+00   4.258725132E-03   3.265012538E+08   1.113411961E+01   1.113411961E+01   1.227809759E+03   2.293088905E+03
   2.200101730E+04   1.221657882E+00   4.603528223E-03   3.664476192E+08   1.166891849E+01   1.166891849E+01   1.370871270E+03   2.525220318E+03
   2.203210350E+04   1.209405342E+00   4.970139656E-03   4.106053413E+08   1.222828221E+01   1.222828221E+01   1.528213889E+03   2.777188352E+03
   2.206278760E+04   1.197276000E+00   5.361972631E-03   4.596585258E+08   1.281686777E+01   1.281686777E+01   1.702126083E+03   3.052105731E+03
   2.209307559E+04   1.185201100E+00   5.780232386E-03   5.141060197E+08   1.343668616E+01   1.343668616E+01   1.894219027E+03   3.351923190E+03
   2.212280450E+04   1.173246607E+00   6.223756617E-03   5.741304715E+08   1.408573812E+01   1.408573812E+01   2.104967335E+03   3.676763748E+03
   2.215198126E+04   1.161411826E+00   6.693461080E-03   6.401971534E+08   1.476521210E+01   1.476521210E+01   2.335832188E+03   4.028263994E+03
   2.218061401E+04   1.149695769E+00   7.190273033E-03   7.128018853E+08   1.547635981E+01   1.547635981E+01   2.588364145E+03   4.408143249E+03
   2.220871130E+04   1.138097432E+00   7.715121017E-03   7.924710514E+08   1.622048417E+01   1.622048417E+01   2.864202074E+03   4.818199064E+03
   2.223628203E+04   1.126615804E+00   8.268934045E-03   8.797628370E+08   1.699894141E+01   1.699894141E+01   3.165076372E+03   5.260309408E+03
   2.226333535E+04   1.115294828E+00   8.852861070E-03   9.752569000E+08   1.781256882E+01   1.781256882E+01   3.492758004E+03   5.736326683E+03
   2.228998714E+04   1.104152062E+00   9.470749093E-03   1.079993341E+09   1.866529178E+01   1.866529178E+01   3.850556262E+03   6.250222288E+03
   2.231639676E+04   1.093020576E+00   1.012746950E-02   1.195488683E+09   1.956570643E+01   1.956570643E+01   4.243408795E+03   6.808237893E+03
   2.234232885E+04   1.081999705E+00   1.081862709E-02   1.321588563E+09   2.050797899E+01   2.050797899E+01   4.670508233E+03   7.408295477E+03
   2.236778828E+04   1.071088965E+00   1.154517377E-02   1.459069347E+09   2.149375935E+01   2.149375935E+01   5.134209281E+03   8.052815646E+03
   2.239278137E+04   1.060287455E+00   1.230807445E-02   1.608752959E+09   2.252479541E+01   2.252479541E+01   5.636996598E+03   8.744333918E+03
   2.241731484E+04   1.049594264E+00   1.310828336E-02   1.771504279E+09   2.360290418E+01   2.360290418E+01   6.181474702E+03   9.485483653E+03
   2.244139577E+04   1.039008471E+00   1.394674348E-02   1.948232507E+09   2.472997443E+01   2.472997443E+01   6.770371408E+03   1.027899826E+04
   2.246503150E+04   1.028529146E+00   1.482438601E-02   2.139892577E+09   2.590796947E+01   2.590796947E+01   7.406541402E+03   1.112771357E+04
   2.248822958E+04   1.018155355E+00   1.574213000E-02   2.347486598E+09   2.713893013E+01   2.713893013E+01   8.092969878E+03   1.203457025E+04
   2.251099779E+04   1.008000366E+00   1.670178627E-02   2.571917066E+09   2.842146755E+01   2.842146755E+01   8.832188128E+03   1.300164691E+04
