4.99112e-01  
5.17717e-01  
5.12826e-01  
4.92191e-01  
5.10702e-01  
4.97038e-01  
4.92135e-01  
5.03549e-01  
4.85333e-01  
4.97986e-01  
5.00037e-01  
4.87829e-01  
5.10189e-01  
5.06013e-01  
4.95706e-01  
4.94008e-01  
5.03557e-01  
4.86209e-01  
4.82259e-01  
5.24150e-01  
5.02683e-01  
5.03813e-01  
4.87520e-01  
4.81532e-01  
5.15730e-01  
4.91659e-01  
5.14128e-01  
4.97212e-01  
5.08357e-01  
5.16511e-01  
5.13341e-01  
5.05843e-01  
4.96842e-01  
5.02542e-01  
5.16657e-01  
4.95270e-01  
5.04235e-01  
5.01177e-01  
5.03559e-01  
4.96103e-01  
5.02693e-01  
4.86397e-01  
5.02617e-01  
4.98801e-01  
5.09412e-01  
4.92775e-01  
4.96298e-01  
4.83146e-01  
5.05632e-01  
5.08089e-01  
5.02115e-01  
5.00535e-01  
4.95131e-01  
4.98810e-01  
5.28433e-01  
4.98348e-01  
5.05709e-01  
5.02407e-01  
5.11831e-01  
4.96653e-01  
4.83849e-01  
5.05915e-01  
5.03826e-01  
5.07148e-01  
4.89390e-01  
5.17476e-01  
4.94095e-01  
5.08634e-01  
4.88023e-01  
4.94944e-01  
5.01404e-01  
5.03549e-01  
4.87431e-01  
5.06415e-01  
4.95386e-01  
4.99402e-01  
4.99176e-01  
5.00754e-01  
5.10441e-01  
4.88582e-01  
5.07583e-01  
4.94313e-01  
4.83084e-01  
5.15843e-01  
5.02244e-01  
5.33693e-01  
4.91048e-01  
4.98202e-01  
5.08368e-01  
5.12983e-01  
5.10187e-01  
4.98329e-01  
5.12422e-01  
5.05782e-01  
4.90550e-01  
5.15556e-01  
5.03894e-01  
4.98755e-01  
5.16439e-01  
4.79423e-01  
