!----------------------------------------------------------------------------
! Network of species with their initial abundances
!----------------------------------------------------------------------------
Nspecies =   66    
! No Species         +-  H  D  He C  N  O  Si S  Fe Na Mg Cl P  F  Xinit(gas)
   1 H               0   1  0  0  0  0  0  0  0  0  0  0  0  0  0  5.000E-07
   2 O               0   0  0  0  0  0  1  0  0  0  0  0  0  0  0  1.760E-04
   3 H2              0   2  0  0  0  0  0  0  0  0  0  0  0  0  0  5.000E-01
   4 OH              0   1  0  0  0  0  1  0  0  0  0  0  0  0  0  0.000E+00
   5 H2O             0   2  0  0  0  0  1  0  0  0  0  0  0  0  0  0.000E+00
   6 CO              0   0  0  0  1  0  1  0  0  0  0  0  0  0  0  5.000E-05
   7 O2              0   0  0  0  0  0  2  0  0  0  0  0  0  0  0  0.000E+00
   8 HO2             0   1  0  0  0  0  2  0  0  0  0  0  0  0  0  0.000E+00
   9 H2O2            0   2  0  0  0  0  2  0  0  0  0  0  0  0  0  0.000E+00
  10 HCO             0   1  0  0  1  0  1  0  0  0  0  0  0  0  0  0.000E+00
  10 H2CO            0   2  0  0  1  0  1  0  0  0  0  0  0  0  0  0.000E+00
  83 CH2OH           0   3  0  0  1  0  1  0  0  0  0  0  0  0  0  0.000E+00
  84 CH3O            0   3  0  0  1  0  1  0  0  0  0  0  0  0  0  0.000E+00
  88 CH3OH           0   4  0  0  1  0  1  0  0  0  0  0  0  0  0  0.000E+00
  96 O3              0   0  0  0  0  0  3  0  0  0  0  0  0  0  0  0.000E+00
 100 CO2             0   0  0  0  1  0  2  0  0  0  0  0  0  0  0  0.000E+00
 101 OCO             0   0  0  0  1  0  2  0  0  0  0  0  0  0  0  0.000E+00
 114 tHOCO           0   1  0  0  1  0  2  0  0  0  0  0  0  0  0  0.000E+00
 115 cHOCO           0   1  0  0  1  0  2  0  0  0  0  0  0  0  0  0.000E+00
 128 HCOOH           0   2  0  0  1  0  2  0  0  0  0  0  0  0  0  0.000E+00
 341 H+              1   1  0  0  0  0  0  0  0  0  0  0  0  0  0  0.000E+00
 357 H2+             1   2  0  0  0  0  0  0  0  0  0  0  0  0  0  0.000E+00
 623 G0              0   0  0  0  0  0  0  0  0  0  0  0  0  0  0  0.000E+00
 624 G+              1   0  0  0  0  0  0  0  0  0  0  0  0  0  0  0.000E+00
 625 G-             -1   0  0  0  0  0  0  0  0  0  0  0  0  0  0  0.000E+00
 626 E              -1   0  0  0  0  0  0  0  0  0  0  0  0  0  0  0.000E+00
   1 JH              0   1  0  0  0  0  0  0  0  0  0  0  0  0  0  0.000E+00
   5 JO              0   0  0  0  0  0  1  0  0  0  0  0  0  0  0  0.000E+00
  12 JH2             0   2  0  0  0  0  0  0  0  0  0  0  0  0  0  0.000E+00
  15 JOH             0   1  0  0  0  0  1  0  0  0  0  0  0  0  0  0.000E+00
  24 JH2O            0   2  0  0  0  0  1  0  0  0  0  0  0  0  0  0.000E+00
  36 JCO             0   0  0  0  1  0  1  0  0  0  0  0  0  0  0  0.000E+00
  44 JO2             0   0  0  0  0  0  2  0  0  0  0  0  0  0  0  0.000E+00
  53 JHO2            0   1  0  0  0  0  2  0  0  0  0  0  0  0  0  0.000E+00
  54 JH2O2           0   2  0  0  0  0  2  0  0  0  0  0  0  0  0  0.000E+00
  56 JHCO            0   1  0  0  1  0  1  0  0  0  0  0  0  0  0  0.000E+00
  10 JH2CO           0   2  0  0  1  0  1  0  0  0  0  0  0  0  0  0.000E+00
  83 JCH2OH          0   3  0  0  1  0  1  0  0  0  0  0  0  0  0  0.000E+00
  84 JCH3O           0   3  0  0  1  0  1  0  0  0  0  0  0  0  0  0.000E+00
  88 JCH3OH          0   4  0  0  1  0  1  0  0  0  0  0  0  0  0  0.000E+00
  96 JO3             0   0  0  0  0  0  3  0  0  0  0  0  0  0  0  0.000E+00
 100 JCO2            0   0  0  0  1  0  2  0  0  0  0  0  0  0  0  0.000E+00
 101 JOCO            0   0  0  0  1  0  2  0  0  0  0  0  0  0  0  0.000E+00
 114 JtHOCO          0   1  0  0  1  0  2  0  0  0  0  0  0  0  0  0.000E+00
 115 JcHOCO          0   1  0  0  1  0  2  0  0  0  0  0  0  0  0  0.000E+00
 128 JHCOOH          0   2  0  0  1  0  2  0  0  0  0  0  0  0  0  0.000E+00
   1 QH              0   1  0  0  0  0  0  0  0  0  0  0  0  0  0  0.000E+00
   5 QO              0   0  0  0  0  0  1  0  0  0  0  0  0  0  0  0.000E+00
  12 QH2             0   2  0  0  0  0  0  0  0  0  0  0  0  0  0  0.000E+00
  15 QOH             0   1  0  0  0  0  1  0  0  0  0  0  0  0  0  0.000E+00
  24 QH2O            0   2  0  0  0  0  1  0  0  0  0  0  0  0  0  0.000E+00
  36 QCO             0   0  0  0  1  0  1  0  0  0  0  0  0  0  0  0.000E+00
  44 QO2             0   0  0  0  0  0  2  0  0  0  0  0  0  0  0  0.000E+00
  53 QHO2            0   1  0  0  0  0  2  0  0  0  0  0  0  0  0  0.000E+00
  54 QH2O2           0   2  0  0  0  0  2  0  0  0  0  0  0  0  0  0.000E+00
  56 QHCO            0   1  0  0  1  0  1  0  0  0  0  0  0  0  0  0.000E+00
  10 QH2CO           0   2  0  0  1  0  1  0  0  0  0  0  0  0  0  0.000E+00
  83 QCH2OH          0   3  0  0  1  0  1  0  0  0  0  0  0  0  0  0.000E+00
  84 QCH3O           0   3  0  0  1  0  1  0  0  0  0  0  0  0  0  0.000E+00
  88 QCH3OH          0   4  0  0  1  0  1  0  0  0  0  0  0  0  0  0.000E+00
  96 QO3             0   0  0  0  0  0  3  0  0  0  0  0  0  0  0  0.000E+00
 100 QCO2            0   0  0  0  1  0  2  0  0  0  0  0  0  0  0  0.000E+00
 101 QOCO            0   0  0  0  1  0  2  0  0  0  0  0  0  0  0  0.000E+00
 114 QtHOCO          0   1  0  0  1  0  2  0  0  0  0  0  0  0  0  0.000E+00
 115 QcHOCO          0   1  0  0  1  0  2  0  0  0  0  0  0  0  0  0.000E+00
 128 QHCOOH          0   2  0  0  1  0  2  0  0  0  0  0  0  0  0  0.000E+00
