! Nsteps =   422   
! r (AU)     t (yr)   nH (cm-3)  Tgas (K)   Tdust (K)   Av (mag)
0.000E+00  0.000E+00  1.000E+04  1.831E+02  2.179E+01  1.000E-01
0.000E+00  1.046E+03  1.000E+04  1.839E+02  2.177E+01  1.104E-01
0.000E+00  2.092E+03  1.000E+04  1.846E+02  2.175E+01  1.207E-01
0.000E+00  3.138E+03  1.000E+04  1.852E+02  2.173E+01  1.311E-01
0.000E+00  4.184E+03  1.000E+04  1.857E+02  2.171E+01  1.414E-01
0.000E+00  5.663E+03  1.000E+04  1.864E+02  2.169E+01  1.561E-01
0.000E+00  7.142E+03  1.000E+04  1.869E+02  2.167E+01  1.707E-01
0.000E+00  8.622E+03  1.000E+04  1.873E+02  2.164E+01  1.854E-01
0.000E+00  1.010E+04  1.000E+04  1.877E+02  2.162E+01  2.000E-01
0.000E+00  1.136E+04  1.000E+04  1.881E+02  2.160E+01  2.125E-01
0.000E+00  1.263E+04  1.000E+04  1.885E+02  2.157E+01  2.250E-01
0.000E+00  1.389E+04  1.000E+04  1.889E+02  2.154E+01  2.375E-01
0.000E+00  1.515E+04  1.000E+04  1.894E+02  2.150E+01  2.500E-01
0.000E+00  1.641E+04  1.000E+04  1.897E+02  2.147E+01  2.625E-01
0.000E+00  1.768E+04  1.000E+04  1.899E+02  2.144E+01  2.750E-01
0.000E+00  1.894E+04  1.000E+04  1.902E+02  2.137E+01  2.875E-01
0.000E+00  2.020E+04  1.000E+04  1.903E+02  2.133E+01  3.000E-01
0.000E+00  2.167E+04  1.000E+04  1.903E+02  2.126E+01  3.145E-01
0.000E+00  2.314E+04  1.000E+04  1.902E+02  2.119E+01  3.291E-01
0.000E+00  2.461E+04  1.000E+04  1.900E+02  2.114E+01  3.436E-01
0.000E+00  2.608E+04  1.000E+04  1.896E+02  2.105E+01  3.582E-01
0.000E+00  2.755E+04  1.000E+04  1.890E+02  2.098E+01  3.727E-01
0.000E+00  2.902E+04  1.000E+04  1.882E+02  2.089E+01  3.873E-01
0.000E+00  3.044E+04  1.000E+04  1.875E+02  2.082E+01  4.014E-01
0.000E+00  3.187E+04  1.000E+04  1.864E+02  2.073E+01  4.155E-01
0.000E+00  3.471E+04  1.000E+04  1.851E+02  2.063E+01  4.436E-01
0.000E+00  3.756E+04  1.000E+04  1.834E+02  2.052E+01  4.718E-01
0.000E+00  4.040E+04  1.000E+04  1.819E+02  2.043E+01  5.000E-01
0.000E+00  4.293E+04  1.000E+04  1.797E+02  2.030E+01  5.250E-01
0.000E+00  4.545E+04  1.000E+04  1.774E+02  2.018E+01  5.500E-01
0.000E+00  4.798E+04  1.000E+04  1.745E+02  2.004E+01  5.750E-01
0.000E+00  5.114E+04  1.000E+04  1.723E+02  1.994E+01  6.062E-01
0.000E+00  5.429E+04  1.000E+04  1.689E+02  1.979E+01  6.375E-01
0.000E+00  5.745E+04  1.000E+04  1.655E+02  1.964E+01  6.687E-01
0.000E+00  6.061E+04  1.000E+04  1.613E+02  1.947E+01  7.000E-01
0.000E+00  6.313E+04  1.000E+04  1.581E+02  1.934E+01  7.250E-01
0.000E+00  6.591E+04  1.000E+04  1.558E+02  1.925E+01  7.525E-01
0.000E+00  6.869E+04  1.000E+04  1.523E+02  1.911E+01  7.800E-01
0.000E+00  7.146E+04  1.000E+04  1.489E+02  1.898E+01  8.075E-01
0.000E+00  7.424E+04  1.000E+04  1.455E+02  1.885E+01  8.350E-01
0.000E+00  7.702E+04  1.000E+04  1.426E+02  1.874E+01  8.625E-01
0.000E+00  7.980E+04  1.000E+04  1.377E+02  1.855E+01  8.900E-01
0.000E+00  8.258E+04  1.000E+04  1.341E+02  1.841E+01  9.175E-01
0.000E+00  8.535E+04  1.000E+04  1.315E+02  1.831E+01  9.450E-01
0.000E+00  8.813E+04  1.000E+04  1.278E+02  1.817E+01  9.725E-01
0.000E+00  9.091E+04  1.000E+04  1.241E+02  1.802E+01  1.000E+00
0.000E+00  9.352E+04  1.000E+04  1.194E+02  1.784E+01  1.026E+00
0.000E+00  9.614E+04  1.000E+04  1.160E+02  1.770E+01  1.052E+00
0.000E+00  9.875E+04  1.000E+04  1.136E+02  1.760E+01  1.078E+00
0.000E+00  1.014E+05  1.000E+04  1.100E+02  1.746E+01  1.104E+00
0.000E+00  1.040E+05  1.000E+04  1.066E+02  1.732E+01  1.129E+00
0.000E+00  1.066E+05  1.000E+04  1.041E+02  1.721E+01  1.155E+00
0.000E+00  1.092E+05  1.000E+04  1.019E+02  1.713E+01  1.181E+00
0.000E+00  1.118E+05  1.000E+04  9.986E+01  1.704E+01  1.207E+00
0.000E+00  1.144E+05  1.000E+04  9.686E+01  1.691E+01  1.233E+00
0.000E+00  1.171E+05  1.000E+04  9.468E+01  1.682E+01  1.259E+00
0.000E+00  1.197E+05  1.000E+04  9.153E+01  1.668E+01  1.285E+00
0.000E+00  1.223E+05  1.000E+04  8.852E+01  1.655E+01  1.311E+00
0.000E+00  1.249E+05  1.000E+04  8.677E+01  1.647E+01  1.337E+00
0.000E+00  1.275E+05  1.000E+04  8.507E+01  1.639E+01  1.362E+00
0.000E+00  1.301E+05  1.000E+04  8.362E+01  1.633E+01  1.388E+00
0.000E+00  1.327E+05  1.000E+04  8.220E+01  1.626E+01  1.414E+00
0.000E+00  1.353E+05  1.000E+04  8.099E+01  1.621E+01  1.440E+00
0.000E+00  1.379E+05  1.000E+04  7.980E+01  1.615E+01  1.465E+00
0.000E+00  1.405E+05  1.000E+04  7.778E+01  1.606E+01  1.491E+00
0.000E+00  1.430E+05  1.000E+04  7.607E+01  1.598E+01  1.516E+00
0.000E+00  1.456E+05  1.000E+04  7.442E+01  1.590E+01  1.542E+00
0.000E+00  1.482E+05  1.000E+04  7.321E+01  1.584E+01  1.567E+00
0.000E+00  1.508E+05  1.000E+04  7.204E+01  1.578E+01  1.592E+00
0.000E+00  1.533E+05  1.000E+04  7.033E+01  1.570E+01  1.618E+00
0.000E+00  1.559E+05  1.000E+04  6.909E+01  1.564E+01  1.643E+00
0.000E+00  1.585E+05  1.000E+04  6.789E+01  1.558E+01  1.669E+00
0.000E+00  1.610E+05  1.000E+04  6.671E+01  1.552E+01  1.694E+00
0.000E+00  1.636E+05  1.000E+04  6.557E+01  1.546E+01  1.720E+00
0.000E+00  1.662E+05  1.000E+04  6.445E+01  1.540E+01  1.745E+00
0.000E+00  1.688E+05  1.000E+04  6.363E+01  1.536E+01  1.771E+00
0.000E+00  1.713E+05  1.000E+04  6.283E+01  1.532E+01  1.796E+00
0.000E+00  1.739E+05  1.000E+04  6.204E+01  1.527E+01  1.822E+00
0.000E+00  1.765E+05  1.000E+04  6.127E+01  1.523E+01  1.847E+00
0.000E+00  1.791E+05  1.000E+04  6.044E+01  1.519E+01  1.873E+00
0.000E+00  1.816E+05  1.000E+04  5.962E+01  1.514E+01  1.898E+00
0.000E+00  1.842E+05  1.000E+04  5.882E+01  1.510E+01  1.924E+00
0.000E+00  1.868E+05  1.000E+04  5.805E+01  1.506E+01  1.949E+00
0.000E+00  1.893E+05  1.000E+04  5.710E+01  1.500E+01  1.975E+00
0.000E+00  1.919E+05  1.000E+04  5.641E+01  1.497E+01  2.000E+00
0.000E+00  1.944E+05  1.000E+04  5.574E+01  1.493E+01  2.025E+00
0.000E+00  1.970E+05  1.000E+04  5.508E+01  1.489E+01  2.050E+00
0.000E+00  1.995E+05  1.000E+04  5.444E+01  1.485E+01  2.075E+00
0.000E+00  2.020E+05  1.000E+04  5.381E+01  1.482E+01  2.100E+00
0.000E+00  2.045E+05  1.000E+04  5.320E+01  1.478E+01  2.125E+00
0.000E+00  2.071E+05  1.000E+04  5.260E+01  1.474E+01  2.150E+00
0.000E+00  2.096E+05  1.000E+04  5.202E+01  1.471E+01  2.175E+00
0.000E+00  2.121E+05  1.000E+04  5.117E+01  1.466E+01  2.200E+00
0.000E+00  2.146E+05  1.000E+04  5.035E+01  1.461E+01  2.225E+00
0.000E+00  2.172E+05  1.000E+04  4.975E+01  1.457E+01  2.250E+00
0.000E+00  2.197E+05  1.000E+04  4.917E+01  1.453E+01  2.275E+00
0.000E+00  2.222E+05  1.000E+04  4.861E+01  1.450E+01  2.300E+00
0.000E+00  2.247E+05  1.000E+04  4.806E+01  1.446E+01  2.325E+00
0.000E+00  2.273E+05  1.000E+04  4.700E+01  1.439E+01  2.350E+00
0.000E+00  2.298E+05  1.000E+04  4.600E+01  1.433E+01  2.375E+00
0.000E+00  2.323E+05  1.000E+04  4.510E+01  1.426E+01  2.400E+00
0.000E+00  2.348E+05  1.000E+04  4.445E+01  1.422E+01  2.425E+00
0.000E+00  2.374E+05  1.000E+04  4.383E+01  1.418E+01  2.450E+00
0.000E+00  2.399E+05  1.000E+04  4.323E+01  1.413E+01  2.475E+00
0.000E+00  2.424E+05  1.000E+04  4.265E+01  1.409E+01  2.500E+00
0.000E+00  2.449E+05  1.000E+04  4.190E+01  1.404E+01  2.525E+00
0.000E+00  2.475E+05  1.000E+04  4.085E+01  1.396E+01  2.550E+00
0.000E+00  2.500E+05  1.000E+04  3.987E+01  1.389E+01  2.575E+00
0.000E+00  2.525E+05  1.000E+04  3.865E+01  1.379E+01  2.600E+00
0.000E+00  2.551E+05  1.000E+04  3.753E+01  1.371E+01  2.625E+00
0.000E+00  2.576E+05  1.000E+04  3.647E+01  1.362E+01  2.650E+00
0.000E+00  2.601E+05  1.000E+04  3.572E+01  1.356E+01  2.675E+00
0.000E+00  2.626E+05  1.000E+04  3.500E+01  1.351E+01  2.700E+00
0.000E+00  2.652E+05  1.000E+04  3.430E+01  1.346E+01  2.725E+00
0.000E+00  2.677E+05  1.000E+04  3.362E+01  1.341E+01  2.750E+00
0.000E+00  2.702E+05  1.000E+04  3.272E+01  1.334E+01  2.775E+00
0.000E+00  2.727E+05  1.000E+04  3.182E+01  1.328E+01  2.800E+00
0.000E+00  2.753E+05  1.000E+04  3.090E+01  1.322E+01  2.825E+00
0.000E+00  2.778E+05  1.000E+04  2.994E+01  1.317E+01  2.850E+00
0.000E+00  2.803E+05  1.000E+04  2.893E+01  1.312E+01  2.875E+00
0.000E+00  2.828E+05  1.000E+04  2.785E+01  1.307E+01  2.900E+00
0.000E+00  2.854E+05  1.000E+04  2.666E+01  1.303E+01  2.925E+00
0.000E+00  2.879E+05  1.000E+04  2.537E+01  1.299E+01  2.950E+00
0.000E+00  2.904E+05  1.000E+04  2.397E+01  1.295E+01  2.975E+00
0.000E+00  2.929E+05  1.000E+04  2.249E+01  1.291E+01  3.000E+00
0.000E+00  2.955E+05  1.000E+04  2.100E+01  1.288E+01  3.026E+00
0.000E+00  2.981E+05  1.000E+04  1.956E+01  1.284E+01  3.051E+00
0.000E+00  3.007E+05  1.000E+04  1.824E+01  1.281E+01  3.077E+00
0.000E+00  3.033E+05  1.000E+04  1.707E+01  1.278E+01  3.103E+00
0.000E+00  3.059E+05  1.000E+04  1.614E+01  1.276E+01  3.128E+00
0.000E+00  3.085E+05  1.000E+04  1.534E+01  1.273E+01  3.154E+00
0.000E+00  3.111E+05  1.000E+04  1.466E+01  1.271E+01  3.180E+00
0.000E+00  3.137E+05  1.000E+04  1.408E+01  1.269E+01  3.205E+00
0.000E+00  3.163E+05  1.000E+04  1.358E+01  1.267E+01  3.231E+00
0.000E+00  3.189E+05  1.000E+04  1.315E+01  1.265E+01  3.257E+00
0.000E+00  3.215E+05  1.000E+04  1.278E+01  1.263E+01  3.282E+00
0.000E+00  3.241E+05  1.000E+04  1.247E+01  1.261E+01  3.308E+00
0.000E+00  3.266E+05  1.000E+04  1.219E+01  1.259E+01  3.334E+00
0.000E+00  3.292E+05  1.000E+04  1.196E+01  1.258E+01  3.359E+00
0.000E+00  3.318E+05  1.000E+04  1.176E+01  1.256E+01  3.385E+00
0.000E+00  3.344E+05  1.000E+04  1.159E+01  1.255E+01  3.411E+00
0.000E+00  3.370E+05  1.000E+04  1.145E+01  1.253E+01  3.436E+00
0.000E+00  3.396E+05  1.000E+04  1.132E+01  1.252E+01  3.462E+00
0.000E+00  3.422E+05  1.000E+04  1.121E+01  1.250E+01  3.488E+00
0.000E+00  3.448E+05  1.000E+04  1.111E+01  1.249E+01  3.514E+00
0.000E+00  3.474E+05  1.000E+04  1.104E+01  1.248E+01  3.539E+00
0.000E+00  3.500E+05  1.000E+04  1.097E+01  1.247E+01  3.565E+00
0.000E+00  3.526E+05  1.000E+04  1.094E+01  1.246E+01  3.591E+00
0.000E+00  3.552E+05  1.000E+04  1.091E+01  1.246E+01  3.616E+00
0.000E+00  3.578E+05  1.000E+04  1.089E+01  1.245E+01  3.642E+00
0.000E+00  3.604E+05  1.000E+04  1.087E+01  1.245E+01  3.668E+00
0.000E+00  3.630E+05  1.000E+04  1.085E+01  1.245E+01  3.693E+00
0.000E+00  3.655E+05  1.000E+04  1.083E+01  1.244E+01  3.719E+00
0.000E+00  3.681E+05  1.000E+04  1.081E+01  1.244E+01  3.745E+00
0.000E+00  3.707E+05  1.000E+04  1.079E+01  1.243E+01  3.770E+00
0.000E+00  3.733E+05  1.000E+04  1.076E+01  1.243E+01  3.796E+00
0.000E+00  3.759E+05  1.000E+04  1.074E+01  1.242E+01  3.822E+00
0.000E+00  3.785E+05  1.000E+04  1.070E+01  1.242E+01  3.847E+00
0.000E+00  3.811E+05  1.000E+04  1.066E+01  1.242E+01  3.873E+00
0.000E+00  3.836E+05  1.000E+04  1.060E+01  1.241E+01  3.898E+00
0.000E+00  3.862E+05  1.000E+04  1.056E+01  1.240E+01  3.923E+00
0.000E+00  3.887E+05  1.000E+04  1.052E+01  1.240E+01  3.948E+00
0.000E+00  3.912E+05  1.000E+04  1.047E+01  1.239E+01  3.973E+00
0.000E+00  3.938E+05  1.000E+04  1.042E+01  1.239E+01  3.998E+00
0.000E+00  3.963E+05  1.000E+04  1.038E+01  1.238E+01  4.023E+00
0.000E+00  3.988E+05  1.000E+04  1.032E+01  1.238E+01  4.048E+00
0.000E+00  4.013E+05  1.000E+04  1.026E+01  1.237E+01  4.073E+00
0.000E+00  4.039E+05  1.000E+04  1.018E+01  1.236E+01  4.098E+00
0.000E+00  4.064E+05  1.000E+04  1.010E+01  1.235E+01  4.123E+00
0.000E+00  4.089E+05  1.000E+04  1.002E+01  1.235E+01  4.148E+00
0.000E+00  4.115E+05  1.000E+04  9.949E+00  1.234E+01  4.174E+00
0.000E+00  4.140E+05  1.000E+04  9.878E+00  1.233E+01  4.199E+00
0.000E+00  4.165E+05  1.000E+04  9.808E+00  1.232E+01  4.224E+00
0.000E+00  4.191E+05  1.000E+04  9.679E+00  1.231E+01  4.249E+00
0.000E+00  4.216E+05  1.000E+04  9.619E+00  1.230E+01  4.274E+00
0.000E+00  4.241E+05  1.000E+04  9.556E+00  1.230E+01  4.299E+00
0.000E+00  4.266E+05  1.000E+04  9.503E+00  1.229E+01  4.324E+00
0.000E+00  4.292E+05  1.000E+04  9.475E+00  1.229E+01  4.349E+00
0.000E+00  4.317E+05  1.000E+04  9.450E+00  1.228E+01  4.374E+00
0.000E+00  4.342E+05  1.000E+04  9.427E+00  1.228E+01  4.399E+00
0.000E+00  4.368E+05  1.000E+04  9.398E+00  1.228E+01  4.424E+00
0.000E+00  4.393E+05  1.000E+04  9.374E+00  1.228E+01  4.449E+00
0.000E+00  4.418E+05  1.000E+04  9.352E+00  1.227E+01  4.474E+00
0.000E+00  4.444E+05  1.000E+04  9.324E+00  1.227E+01  4.499E+00
0.000E+00  4.469E+05  1.000E+04  9.300E+00  1.226E+01  4.524E+00
0.000E+00  4.494E+05  1.000E+04  9.280E+00  1.226E+01  4.549E+00
0.000E+00  4.519E+05  1.000E+04  9.248E+00  1.226E+01  4.574E+00
0.000E+00  4.545E+05  1.000E+04  9.225E+00  1.225E+01  4.599E+00
0.000E+00  4.570E+05  1.000E+04  9.210E+00  1.225E+01  4.624E+00
0.000E+00  4.595E+05  1.000E+04  9.187E+00  1.225E+01  4.649E+00
0.000E+00  4.621E+05  1.000E+04  9.166E+00  1.224E+01  4.674E+00
0.000E+00  4.646E+05  1.000E+04  9.124E+00  1.223E+01  4.699E+00
0.000E+00  4.671E+05  1.000E+04  9.090E+00  1.222E+01  4.725E+00
0.000E+00  4.697E+05  1.000E+04  9.065E+00  1.222E+01  4.750E+00
0.000E+00  4.722E+05  1.000E+04  9.046E+00  1.221E+01  4.775E+00
0.000E+00  4.747E+05  1.000E+04  9.034E+00  1.220E+01  4.800E+00
0.000E+00  4.772E+05  1.000E+04  9.028E+00  1.219E+01  4.825E+00
0.000E+00  4.798E+05  1.000E+04  9.032E+00  1.219E+01  4.850E+00
0.000E+00  4.823E+05  1.000E+04  9.039E+00  1.218E+01  4.875E+00
0.000E+00  4.848E+05  1.000E+04  9.050E+00  1.217E+01  4.900E+00
0.000E+00  4.874E+05  1.000E+04  9.063E+00  1.216E+01  4.925E+00
0.000E+00  4.899E+05  1.000E+04  9.079E+00  1.216E+01  4.950E+00
0.000E+00  4.924E+05  1.000E+04  9.096E+00  1.215E+01  4.975E+00
0.000E+00  4.949E+05  1.000E+04  9.114E+00  1.215E+01  5.000E+00
0.000E+00  4.975E+05  1.000E+04  9.133E+00  1.214E+01  5.025E+00
0.000E+00  5.000E+05  1.000E+04  9.152E+00  1.213E+01  5.050E+00
0.000E+00  5.025E+05  1.000E+04  9.171E+00  1.213E+01  5.075E+00
0.000E+00  5.051E+05  1.000E+04  9.190E+00  1.212E+01  5.100E+00
0.000E+00  5.076E+05  1.000E+04  9.207E+00  1.212E+01  5.125E+00
0.000E+00  5.101E+05  1.000E+04  9.224E+00  1.211E+01  5.150E+00
0.000E+00  5.127E+05  1.000E+04  9.239E+00  1.211E+01  5.175E+00
0.000E+00  5.152E+05  1.000E+04  9.253E+00  1.210E+01  5.200E+00
0.000E+00  5.177E+05  1.000E+04  9.265E+00  1.210E+01  5.225E+00
0.000E+00  5.202E+05  1.000E+04  9.275E+00  1.209E+01  5.250E+00
0.000E+00  5.228E+05  1.000E+04  9.283E+00  1.209E+01  5.275E+00
0.000E+00  5.253E+05  1.000E+04  9.290E+00  1.208E+01  5.301E+00
0.000E+00  5.278E+05  1.000E+04  9.296E+00  1.208E+01  5.326E+00
0.000E+00  5.304E+05  1.000E+04  9.300E+00  1.208E+01  5.351E+00
0.000E+00  5.329E+05  1.000E+04  9.303E+00  1.207E+01  5.376E+00
0.000E+00  5.354E+05  1.000E+04  9.306E+00  1.207E+01  5.401E+00
0.000E+00  5.380E+05  1.000E+04  9.309E+00  1.206E+01  5.426E+00
0.000E+00  5.405E+05  1.000E+04  9.312E+00  1.206E+01  5.451E+00
0.000E+00  5.430E+05  1.000E+04  9.315E+00  1.205E+01  5.476E+00
0.000E+00  5.455E+05  1.000E+04  9.319E+00  1.205E+01  5.501E+00
0.000E+00  5.481E+05  1.000E+04  9.324E+00  1.205E+01  5.526E+00
0.000E+00  5.506E+05  1.000E+04  9.330E+00  1.204E+01  5.551E+00
0.000E+00  5.531E+05  1.000E+04  9.336E+00  1.204E+01  5.576E+00
0.000E+00  5.557E+05  1.000E+04  9.344E+00  1.204E+01  5.601E+00
0.000E+00  5.582E+05  1.000E+04  9.353E+00  1.203E+01  5.626E+00
0.000E+00  5.607E+05  1.000E+04  9.363E+00  1.203E+01  5.651E+00
0.000E+00  5.633E+05  1.000E+04  9.374E+00  1.203E+01  5.676E+00
0.000E+00  5.658E+05  1.000E+04  9.386E+00  1.202E+01  5.701E+00
0.000E+00  5.683E+05  1.000E+04  9.398E+00  1.202E+01  5.726E+00
0.000E+00  5.708E+05  1.000E+04  9.411E+00  1.202E+01  5.751E+00
0.000E+00  5.734E+05  1.000E+04  9.425E+00  1.201E+01  5.776E+00
0.000E+00  5.759E+05  1.000E+04  9.439E+00  1.201E+01  5.801E+00
0.000E+00  5.784E+05  1.000E+04  9.453E+00  1.201E+01  5.826E+00
0.000E+00  5.810E+05  1.000E+04  9.468E+00  1.201E+01  5.852E+00
0.000E+00  5.835E+05  1.000E+04  9.483E+00  1.200E+01  5.877E+00
0.000E+00  5.860E+05  1.000E+04  9.499E+00  1.200E+01  5.902E+00
0.000E+00  5.886E+05  1.000E+04  9.514E+00  1.200E+01  5.927E+00
0.000E+00  5.911E+05  1.000E+04  9.529E+00  1.199E+01  5.952E+00
0.000E+00  5.936E+05  1.000E+04  9.545E+00  1.199E+01  5.977E+00
0.000E+00  5.961E+05  1.000E+04  9.561E+00  1.199E+01  6.002E+00
0.000E+00  5.987E+05  1.000E+04  9.576E+00  1.199E+01  6.027E+00
0.000E+00  6.012E+05  1.000E+04  9.592E+00  1.198E+01  6.052E+00
0.000E+00  6.037E+05  1.000E+04  9.607E+00  1.198E+01  6.077E+00
0.000E+00  6.063E+05  1.000E+04  9.623E+00  1.198E+01  6.102E+00
0.000E+00  6.088E+05  1.000E+04  9.638E+00  1.198E+01  6.127E+00
0.000E+00  6.114E+05  1.000E+04  9.653E+00  1.197E+01  6.153E+00
0.000E+00  6.140E+05  1.000E+04  9.668E+00  1.197E+01  6.178E+00
0.000E+00  6.166E+05  1.000E+04  9.684E+00  1.197E+01  6.204E+00
0.000E+00  6.192E+05  1.000E+04  9.698E+00  1.197E+01  6.230E+00
0.000E+00  6.218E+05  1.000E+04  9.713E+00  1.197E+01  6.255E+00
0.000E+00  6.244E+05  1.000E+04  9.728E+00  1.196E+01  6.281E+00
0.000E+00  6.269E+05  1.000E+04  9.743E+00  1.196E+01  6.307E+00
0.000E+00  6.295E+05  1.000E+04  9.757E+00  1.196E+01  6.332E+00
0.000E+00  6.321E+05  1.000E+04  9.772E+00  1.196E+01  6.358E+00
0.000E+00  6.347E+05  1.000E+04  9.786E+00  1.195E+01  6.384E+00
0.000E+00  6.373E+05  1.000E+04  9.800E+00  1.195E+01  6.409E+00
0.000E+00  6.399E+05  1.000E+04  9.814E+00  1.195E+01  6.435E+00
0.000E+00  6.425E+05  1.000E+04  9.828E+00  1.195E+01  6.461E+00
0.000E+00  6.451E+05  1.000E+04  9.842E+00  1.195E+01  6.486E+00
0.000E+00  6.477E+05  1.000E+04  9.856E+00  1.194E+01  6.512E+00
0.000E+00  6.503E+05  1.000E+04  9.869E+00  1.194E+01  6.538E+00
0.000E+00  6.529E+05  1.000E+04  9.883E+00  1.194E+01  6.564E+00
0.000E+00  6.555E+05  1.000E+04  9.896E+00  1.194E+01  6.589E+00
0.000E+00  6.581E+05  1.000E+04  9.909E+00  1.194E+01  6.615E+00
0.000E+00  6.607E+05  1.000E+04  9.922E+00  1.194E+01  6.641E+00
0.000E+00  6.633E+05  1.000E+04  9.935E+00  1.193E+01  6.666E+00
0.000E+00  6.658E+05  1.000E+04  9.948E+00  1.193E+01  6.692E+00
0.000E+00  6.684E+05  1.000E+04  9.960E+00  1.193E+01  6.718E+00
0.000E+00  6.710E+05  1.000E+04  9.973E+00  1.193E+01  6.743E+00
0.000E+00  6.736E+05  1.000E+04  9.985E+00  1.193E+01  6.769E+00
0.000E+00  6.762E+05  1.000E+04  9.997E+00  1.193E+01  6.795E+00
0.000E+00  6.788E+05  1.000E+04  1.001E+01  1.192E+01  6.820E+00
0.000E+00  6.814E+05  1.000E+04  1.002E+01  1.192E+01  6.846E+00
0.000E+00  6.840E+05  1.000E+04  1.003E+01  1.192E+01  6.872E+00
0.000E+00  6.866E+05  1.000E+04  1.004E+01  1.192E+01  6.897E+00
0.000E+00  6.892E+05  1.000E+04  1.006E+01  1.192E+01  6.923E+00
0.000E+00  6.918E+05  1.000E+04  1.007E+01  1.192E+01  6.949E+00
0.000E+00  6.944E+05  1.000E+04  1.008E+01  1.192E+01  6.974E+00
0.000E+00  6.970E+05  1.000E+04  1.009E+01  1.191E+01  7.000E+00
0.000E+00  6.996E+05  1.000E+04  1.010E+01  1.191E+01  7.026E+00
0.000E+00  7.021E+05  1.000E+04  1.011E+01  1.191E+01  7.051E+00
0.000E+00  7.047E+05  1.000E+04  1.012E+01  1.191E+01  7.077E+00
0.000E+00  7.073E+05  1.000E+04  1.013E+01  1.191E+01  7.103E+00
0.000E+00  7.099E+05  1.000E+04  1.015E+01  1.191E+01  7.128E+00
0.000E+00  7.125E+05  1.000E+04  1.016E+01  1.191E+01  7.154E+00
0.000E+00  7.151E+05  1.000E+04  1.017E+01  1.190E+01  7.179E+00
0.000E+00  7.177E+05  1.000E+04  1.018E+01  1.190E+01  7.205E+00
0.000E+00  7.203E+05  1.000E+04  1.019E+01  1.190E+01  7.231E+00
0.000E+00  7.229E+05  1.000E+04  1.020E+01  1.190E+01  7.256E+00
0.000E+00  7.255E+05  1.000E+04  1.021E+01  1.190E+01  7.282E+00
0.000E+00  7.280E+05  1.000E+04  1.022E+01  1.190E+01  7.308E+00
0.000E+00  7.306E+05  1.000E+04  1.023E+01  1.190E+01  7.333E+00
0.000E+00  7.332E+05  1.000E+04  1.024E+01  1.190E+01  7.359E+00
0.000E+00  7.358E+05  1.000E+04  1.025E+01  1.189E+01  7.385E+00
0.000E+00  7.384E+05  1.000E+04  1.026E+01  1.189E+01  7.410E+00
0.000E+00  7.410E+05  1.000E+04  1.027E+01  1.189E+01  7.436E+00
0.000E+00  7.436E+05  1.000E+04  1.028E+01  1.189E+01  7.462E+00
0.000E+00  7.462E+05  1.000E+04  1.029E+01  1.189E+01  7.487E+00
0.000E+00  7.488E+05  1.000E+04  1.030E+01  1.189E+01  7.513E+00
0.000E+00  7.514E+05  1.000E+04  1.031E+01  1.189E+01  7.538E+00
0.000E+00  7.539E+05  1.000E+04  1.032E+01  1.189E+01  7.564E+00
0.000E+00  7.565E+05  1.000E+04  1.033E+01  1.188E+01  7.590E+00
0.000E+00  7.591E+05  1.000E+04  1.034E+01  1.188E+01  7.615E+00
0.000E+00  7.617E+05  1.000E+04  1.035E+01  1.188E+01  7.641E+00
0.000E+00  7.643E+05  1.000E+04  1.036E+01  1.188E+01  7.667E+00
0.000E+00  7.669E+05  1.000E+04  1.036E+01  1.188E+01  7.692E+00
0.000E+00  7.695E+05  1.000E+04  1.037E+01  1.188E+01  7.718E+00
0.000E+00  7.721E+05  1.000E+04  1.038E+01  1.188E+01  7.744E+00
0.000E+00  7.747E+05  1.000E+04  1.039E+01  1.188E+01  7.769E+00
0.000E+00  7.773E+05  1.000E+04  1.040E+01  1.188E+01  7.795E+00
0.000E+00  7.798E+05  1.000E+04  1.041E+01  1.188E+01  7.821E+00
0.000E+00  7.824E+05  1.000E+04  1.042E+01  1.187E+01  7.846E+00
0.000E+00  7.850E+05  1.000E+04  1.043E+01  1.187E+01  7.872E+00
0.000E+00  7.876E+05  1.000E+04  1.044E+01  1.187E+01  7.897E+00
0.000E+00  7.902E+05  1.000E+04  1.044E+01  1.187E+01  7.923E+00
0.000E+00  7.928E+05  1.000E+04  1.045E+01  1.187E+01  7.949E+00
0.000E+00  7.954E+05  1.000E+04  1.046E+01  1.187E+01  7.974E+00
0.000E+00  7.980E+05  1.000E+04  1.047E+01  1.187E+01  8.000E+00
0.000E+00  8.006E+05  1.000E+04  1.048E+01  1.187E+01  8.025E+00
0.000E+00  8.031E+05  1.000E+04  1.049E+01  1.187E+01  8.051E+00
0.000E+00  8.057E+05  1.000E+04  1.049E+01  1.187E+01  8.076E+00
0.000E+00  8.083E+05  1.000E+04  1.050E+01  1.187E+01  8.102E+00
0.000E+00  8.108E+05  1.000E+04  1.051E+01  1.186E+01  8.127E+00
0.000E+00  8.134E+05  1.000E+04  1.052E+01  1.186E+01  8.153E+00
0.000E+00  8.160E+05  1.000E+04  1.053E+01  1.186E+01  8.178E+00
0.000E+00  8.186E+05  1.000E+04  1.054E+01  1.186E+01  8.204E+00
0.000E+00  8.211E+05  1.000E+04  1.054E+01  1.186E+01  8.229E+00
0.000E+00  8.237E+05  1.000E+04  1.055E+01  1.186E+01  8.255E+00
0.000E+00  8.263E+05  1.000E+04  1.056E+01  1.186E+01  8.280E+00
0.000E+00  8.289E+05  1.000E+04  1.057E+01  1.186E+01  8.306E+00
0.000E+00  8.314E+05  1.000E+04  1.058E+01  1.186E+01  8.331E+00
0.000E+00  8.340E+05  1.000E+04  1.058E+01  1.186E+01  8.357E+00
0.000E+00  8.366E+05  1.000E+04  1.059E+01  1.186E+01  8.382E+00
0.000E+00  8.391E+05  1.000E+04  1.060E+01  1.185E+01  8.408E+00
0.000E+00  8.417E+05  1.000E+04  1.061E+01  1.185E+01  8.433E+00
0.000E+00  8.443E+05  1.000E+04  1.061E+01  1.185E+01  8.458E+00
0.000E+00  8.469E+05  1.000E+04  1.062E+01  1.185E+01  8.484E+00
0.000E+00  8.494E+05  1.000E+04  1.063E+01  1.185E+01  8.509E+00
0.000E+00  8.520E+05  1.000E+04  1.064E+01  1.185E+01  8.535E+00
0.000E+00  8.546E+05  1.000E+04  1.064E+01  1.185E+01  8.560E+00
0.000E+00  8.572E+05  1.000E+04  1.065E+01  1.185E+01  8.586E+00
0.000E+00  8.598E+05  1.000E+04  1.066E+01  1.185E+01  8.612E+00
0.000E+00  8.624E+05  1.000E+04  1.066E+01  1.185E+01  8.638E+00
0.000E+00  8.650E+05  1.000E+04  1.067E+01  1.185E+01  8.663E+00
0.000E+00  8.676E+05  1.000E+04  1.068E+01  1.185E+01  8.689E+00
0.000E+00  8.702E+05  1.000E+04  1.069E+01  1.185E+01  8.715E+00
0.000E+00  8.728E+05  1.000E+04  1.069E+01  1.184E+01  8.741E+00
0.000E+00  8.755E+05  1.000E+04  1.070E+01  1.184E+01  8.767E+00
0.000E+00  8.781E+05  1.000E+04  1.071E+01  1.184E+01  8.793E+00
0.000E+00  8.807E+05  1.000E+04  1.071E+01  1.184E+01  8.819E+00
0.000E+00  8.833E+05  1.000E+04  1.072E+01  1.184E+01  8.845E+00
0.000E+00  8.859E+05  1.000E+04  1.072E+01  1.184E+01  8.871E+00
0.000E+00  8.885E+05  1.000E+04  1.073E+01  1.184E+01  8.896E+00
0.000E+00  8.911E+05  1.000E+04  1.074E+01  1.184E+01  8.922E+00
0.000E+00  8.938E+05  1.000E+04  1.074E+01  1.184E+01  8.948E+00
0.000E+00  8.964E+05  1.000E+04  1.075E+01  1.184E+01  8.974E+00
0.000E+00  8.990E+05  1.000E+04  1.076E+01  1.184E+01  9.000E+00
0.000E+00  9.015E+05  1.000E+04  1.076E+01  1.184E+01  9.025E+00
0.000E+00  9.040E+05  1.000E+04  1.077E+01  1.184E+01  9.050E+00
0.000E+00  9.066E+05  1.000E+04  1.077E+01  1.184E+01  9.075E+00
0.000E+00  9.091E+05  1.000E+04  1.078E+01  1.184E+01  9.100E+00
0.000E+00  9.116E+05  1.000E+04  1.079E+01  1.184E+01  9.125E+00
0.000E+00  9.141E+05  1.000E+04  1.079E+01  1.183E+01  9.150E+00
0.000E+00  9.167E+05  1.000E+04  1.080E+01  1.183E+01  9.175E+00
0.000E+00  9.192E+05  1.000E+04  1.080E+01  1.183E+01  9.200E+00
0.000E+00  9.217E+05  1.000E+04  1.081E+01  1.183E+01  9.225E+00
0.000E+00  9.242E+05  1.000E+04  1.081E+01  1.183E+01  9.250E+00
0.000E+00  9.268E+05  1.000E+04  1.082E+01  1.183E+01  9.275E+00
0.000E+00  9.293E+05  1.000E+04  1.082E+01  1.183E+01  9.300E+00
0.000E+00  9.322E+05  1.000E+04  1.083E+01  1.183E+01  9.329E+00
0.000E+00  9.351E+05  1.000E+04  1.084E+01  1.183E+01  9.357E+00
0.000E+00  9.380E+05  1.000E+04  1.084E+01  1.183E+01  9.386E+00
0.000E+00  9.408E+05  1.000E+04  1.085E+01  1.183E+01  9.414E+00
0.000E+00  9.437E+05  1.000E+04  1.086E+01  1.183E+01  9.443E+00
0.000E+00  9.466E+05  1.000E+04  1.086E+01  1.183E+01  9.471E+00
0.000E+00  9.495E+05  1.000E+04  1.087E+01  1.183E+01  9.500E+00
0.000E+00  9.523E+05  1.000E+04  1.087E+01  1.183E+01  9.528E+00
0.000E+00  9.552E+05  1.000E+04  1.088E+01  1.183E+01  9.556E+00
0.000E+00  9.580E+05  1.000E+04  1.088E+01  1.183E+01  9.585E+00
0.000E+00  9.609E+05  1.000E+04  1.089E+01  1.182E+01  9.613E+00
0.000E+00  9.638E+05  1.000E+04  1.090E+01  1.182E+01  9.642E+00
0.000E+00  9.668E+05  1.000E+04  1.090E+01  1.182E+01  9.671E+00
0.000E+00  9.697E+05  1.000E+04  1.091E+01  1.182E+01  9.700E+00
0.000E+00  9.731E+05  1.000E+04  1.091E+01  1.182E+01  9.733E+00
0.000E+00  9.764E+05  1.000E+04  1.092E+01  1.182E+01  9.767E+00
0.000E+00  9.798E+05  1.000E+04  1.092E+01  1.182E+01  9.800E+00
0.000E+00  9.828E+05  1.000E+04  1.093E+01  1.182E+01  9.829E+00
0.000E+00  9.842E+05  1.000E+04  1.093E+01  1.182E+01  9.844E+00
0.000E+00  9.857E+05  1.000E+04  1.094E+01  1.182E+01  9.859E+00
0.000E+00  9.868E+05  1.000E+04  1.094E+01  1.182E+01  9.869E+00
0.000E+00  9.883E+05  1.000E+04  1.095E+01  1.182E+01  9.884E+00
0.000E+00  9.891E+05  1.000E+04  1.095E+01  1.182E+01  9.892E+00
0.000E+00  9.899E+05  1.000E+04  1.096E+01  1.182E+01  9.900E+00
0.000E+00  9.907E+05  1.000E+04  1.096E+01  1.182E+01  9.908E+00
0.000E+00  9.912E+05  1.000E+04  1.097E+01  1.182E+01  9.913E+00
0.000E+00  9.921E+05  1.000E+04  1.097E+01  1.182E+01  9.922E+00
0.000E+00  9.929E+05  1.000E+04  1.098E+01  1.182E+01  9.930E+00
0.000E+00  9.934E+05  1.000E+04  1.098E+01  1.182E+01  9.935E+00
0.000E+00  9.938E+05  1.000E+04  1.098E+01  1.182E+01  9.939E+00
0.000E+00  9.944E+05  1.000E+04  1.099E+01  1.182E+01  9.944E+00
0.000E+00  9.949E+05  1.000E+04  1.099E+01  1.181E+01  9.950E+00
0.000E+00  9.952E+05  1.000E+04  1.100E+01  1.181E+01  9.953E+00
0.000E+00  9.957E+05  1.000E+04  1.100E+01  1.181E+01  9.957E+00
0.000E+00  9.961E+05  1.000E+04  1.101E+01  1.181E+01  9.961E+00
0.000E+00  9.965E+05  1.000E+04  1.101E+01  1.181E+01  9.966E+00
0.000E+00  9.970E+05  1.000E+04  1.101E+01  1.181E+01  9.970E+00
0.000E+00  9.972E+05  1.000E+04  1.102E+01  1.181E+01  9.973E+00
0.000E+00  9.975E+05  1.000E+04  1.102E+01  1.181E+01  9.975E+00
0.000E+00  9.980E+05  1.000E+04  1.102E+01  1.181E+01  9.980E+00
0.000E+00  9.983E+05  1.000E+04  1.103E+01  1.181E+01  9.983E+00
0.000E+00  9.986E+05  1.000E+04  1.103E+01  1.181E+01  9.986E+00
0.000E+00  9.990E+05  1.000E+04  1.104E+01  1.181E+01  9.990E+00
0.000E+00  9.993E+05  1.000E+04  1.104E+01  1.181E+01  9.993E+00
0.000E+00  9.995E+05  1.000E+04  1.104E+01  1.181E+01  9.995E+00
0.000E+00  9.996E+05  1.000E+04  1.105E+01  1.181E+01  9.996E+00
0.000E+00  9.997E+05  1.000E+04  1.105E+01  1.181E+01  9.997E+00
0.000E+00  9.998E+05  1.000E+04  1.105E+01  1.181E+01  9.998E+00
0.000E+00  9.999E+05  1.000E+04  1.105E+01  1.181E+01  9.999E+00
0.000E+00  9.999E+05  1.000E+04  1.106E+01  1.181E+01  9.999E+00
0.000E+00  9.999E+05  1.000E+04  1.106E+01  1.181E+01  9.999E+00
0.000E+00  9.999E+05  1.000E+04  1.106E+01  1.181E+01  9.999E+00
0.000E+00  1.000E+06  1.000E+04  1.106E+01  1.181E+01  1.000E+01
0.000E+00  1.000E+06  1.000E+04  1.107E+01  1.181E+01  1.000E+01
0.000E+00  1.000E+06  1.000E+04  1.107E+01  1.181E+01  1.000E+01
0.000E+00  1.000E+06  1.000E+04  1.107E+01  1.180E+01  1.000E+01
0.000E+00  1.000E+06  1.000E+04  1.107E+01  1.180E+01  1.000E+01
0.000E+00  1.000E+06  1.000E+04  1.108E+01  1.180E+01  1.000E+01
0.000E+00  1.000E+06  1.000E+04  1.108E+01  1.180E+01  1.000E+01
0.000E+00  1.000E+06  1.000E+04  1.108E+01  1.180E+01  1.000E+01
0.000E+00  1.000E+06  1.000E+04  1.108E+01  1.180E+01  1.000E+01
0.000E+00  1.000E+06  1.000E+04  1.108E+01  1.180E+01  1.000E+01
0.000E+00  1.000E+06  1.000E+04  1.108E+01  1.180E+01  1.000E+01
0.000E+00  1.000E+06  1.000E+04  1.108E+01  1.180E+01  1.000E+01
0.000E+00  1.000E+06  1.000E+04  1.109E+01  1.180E+01  1.000E+01
0.000E+00  1.000E+06  1.000E+04  1.109E+01  1.180E+01  1.000E+01
