Nsteps =      412
! r (AU)     t (yr)   nH (cm-3)  Tgas (K)   Tdust (K)   Av (mag)
0.0000000E+00  0.0000000E+00  1.0000000E+04  1.8193735E+02  2.0429274E+01  5.0000000E-01
0.0000000E+00  2.6315789E+03  1.0000000E+04  1.7972773E+02  2.0304676E+01  5.2500000E-01
0.0000000E+00  5.2631579E+03  1.0000000E+04  1.7742699E+02  2.0184484E+01  5.5000000E-01
0.0000000E+00  7.8947368E+03  1.0000000E+04  1.7452302E+02  2.0042261E+01  5.7500000E-01
0.0000000E+00  1.1184211E+04  1.0000000E+04  1.7229625E+02  1.9938999E+01  6.0625000E-01
0.0000000E+00  1.4473684E+04  1.0000000E+04  1.6893095E+02  1.9788980E+01  6.3750000E-01
0.0000000E+00  1.7763158E+04  1.0000000E+04  1.6552385E+02  1.9644211E+01  6.6875000E-01
0.0000000E+00  2.1052632E+04  1.0000000E+04  1.6128046E+02  1.9468851E+01  7.0000000E-01
0.0000000E+00  2.3684211E+04  1.0000000E+04  1.5811565E+02  1.9341707E+01  7.2500000E-01
0.0000000E+00  2.6578947E+04  1.0000000E+04  1.5576119E+02  1.9248614E+01  7.5250000E-01
0.0000000E+00  2.9473684E+04  1.0000000E+04  1.5228680E+02  1.9112371E+01  7.8000000E-01
0.0000000E+00  3.2368421E+04  1.0000000E+04  1.4887354E+02  1.8979942E+01  8.0750000E-01
0.0000000E+00  3.5263158E+04  1.0000000E+04  1.4549429E+02  1.8849598E+01  8.3500000E-01
0.0000000E+00  3.8157895E+04  1.0000000E+04  1.4260240E+02  1.8738359E+01  8.6250000E-01
0.0000000E+00  4.1052632E+04  1.0000000E+04  1.3769288E+02  1.8549600E+01  8.9000000E-01
0.0000000E+00  4.3947368E+04  1.0000000E+04  1.3413483E+02  1.8412662E+01  9.1750000E-01
0.0000000E+00  4.6842105E+04  1.0000000E+04  1.3154077E+02  1.8312410E+01  9.4500000E-01
0.0000000E+00  4.9736842E+04  1.0000000E+04  1.2776211E+02  1.8165777E+01  9.7250000E-01
0.0000000E+00  5.2631579E+04  1.0000000E+04  1.2411874E+02  1.8023414E+01  1.0000000E+00
0.0000000E+00  5.5356668E+04  1.0000000E+04  1.1940609E+02  1.7837416E+01  1.0258884E+00
0.0000000E+00  5.8081758E+04  1.0000000E+04  1.1601780E+02  1.7702473E+01  1.0517767E+00
0.0000000E+00  6.0806846E+04  1.0000000E+04  1.1356249E+02  1.7603704E+01  1.0776650E+00
0.0000000E+00  6.3531936E+04  1.0000000E+04  1.1000364E+02  1.7459300E+01  1.1035534E+00
0.0000000E+00  6.6257025E+04  1.0000000E+04  1.0659298E+02  1.7319205E+01  1.1294417E+00
0.0000000E+00  6.8982115E+04  1.0000000E+04  1.0407951E+02  1.7214815E+01  1.1553301E+00
0.0000000E+00  7.1707203E+04  1.0000000E+04  1.0194589E+02  1.7125386E+01  1.1812184E+00
0.0000000E+00  7.4432293E+04  1.0000000E+04  9.9857583E+01  1.7037687E+01  1.2071068E+00
0.0000000E+00  7.7157382E+04  1.0000000E+04  9.6856563E+01  1.6909280E+01  1.2329951E+00
0.0000000E+00  7.9882472E+04  1.0000000E+04  9.4678686E+01  1.6815371E+01  1.2588835E+00
0.0000000E+00  8.2607560E+04  1.0000000E+04  9.1528948E+01  1.6678217E+01  1.2847718E+00
0.0000000E+00  8.5332649E+04  1.0000000E+04  8.8516881E+01  1.6545353E+01  1.3106602E+00
0.0000000E+00  8.8057739E+04  1.0000000E+04  8.6772174E+01  1.6467505E+01  1.3365485E+00
0.0000000E+00  9.0782828E+04  1.0000000E+04  8.5071119E+01  1.6391110E+01  1.3624369E+00
0.0000000E+00  9.3507917E+04  1.0000000E+04  8.3618326E+01  1.6325431E+01  1.3883252E+00
0.0000000E+00  9.6233006E+04  1.0000000E+04  8.2200468E+01  1.6260818E+01  1.4142136E+00
0.0000000E+00  9.8913952E+04  1.0000000E+04  8.0986370E+01  1.6205141E+01  1.4396825E+00
0.0000000E+00  1.0159490E+05  1.0000000E+04  7.9798018E+01  1.6150251E+01  1.4651515E+00
0.0000000E+00  1.0427584E+05  1.0000000E+04  7.7777753E+01  1.6056053E+01  1.4906205E+00
0.0000000E+00  1.0695679E+05  1.0000000E+04  7.6071501E+01  1.5975526E+01  1.5160895E+00
0.0000000E+00  1.0963773E+05  1.0000000E+04  7.4419359E+01  1.5896724E+01  1.5415584E+00
0.0000000E+00  1.1231868E+05  1.0000000E+04  7.3214696E+01  1.5838731E+01  1.5670274E+00
0.0000000E+00  1.1499962E+05  1.0000000E+04  7.2040271E+01  1.5781670E+01  1.5924964E+00
0.0000000E+00  1.1768057E+05  1.0000000E+04  7.0332519E+01  1.5697792E+01  1.6179654E+00
0.0000000E+00  1.2036151E+05  1.0000000E+04  6.9092939E+01  1.5636204E+01  1.6434343E+00
0.0000000E+00  1.2304245E+05  1.0000000E+04  6.7886906E+01  1.5575727E+01  1.6689033E+00
0.0000000E+00  1.2572340E+05  1.0000000E+04  6.6713868E+01  1.5516338E+01  1.6943723E+00
0.0000000E+00  1.2840434E+05  1.0000000E+04  6.5572931E+01  1.5458019E+01  1.7198413E+00
0.0000000E+00  1.3108529E+05  1.0000000E+04  6.4451370E+01  1.5400130E+01  1.7453102E+00
0.0000000E+00  1.3376623E+05  1.0000000E+04  6.3629979E+01  1.5357405E+01  1.7707792E+00
0.0000000E+00  1.3644718E+05  1.0000000E+04  6.2826630E+01  1.5315266E+01  1.7962482E+00
0.0000000E+00  1.3912812E+05  1.0000000E+04  6.2040288E+01  1.5273703E+01  1.8217172E+00
0.0000000E+00  1.4180907E+05  1.0000000E+04  6.1270694E+01  1.5232710E+01  1.8471861E+00
0.0000000E+00  1.4449001E+05  1.0000000E+04  6.0435049E+01  1.5187820E+01  1.8726551E+00
0.0000000E+00  1.4717096E+05  1.0000000E+04  5.9619306E+01  1.5143614E+01  1.8981241E+00
0.0000000E+00  1.4985190E+05  1.0000000E+04  5.8823261E+01  1.5100081E+01  1.9235931E+00
0.0000000E+00  1.5253285E+05  1.0000000E+04  5.8046573E+01  1.5057212E+01  1.9490620E+00
0.0000000E+00  1.5521379E+05  1.0000000E+04  5.7102801E+01  1.5004544E+01  1.9745310E+00
0.0000000E+00  1.5789474E+05  1.0000000E+04  5.6413301E+01  1.4965703E+01  2.0000000E+00
0.0000000E+00  1.6052632E+05  1.0000000E+04  5.5740253E+01  1.4927418E+01  2.0250000E+00
0.0000000E+00  1.6315789E+05  1.0000000E+04  5.5082919E+01  1.4889683E+01  2.0500000E+00
0.0000000E+00  1.6578947E+05  1.0000000E+04  5.4440967E+01  1.4852490E+01  2.0750000E+00
0.0000000E+00  1.6842105E+05  1.0000000E+04  5.3814080E+01  1.4815831E+01  2.1000000E+00
0.0000000E+00  1.7105263E+05  1.0000000E+04  5.3201930E+01  1.4779700E+01  2.1250000E+00
0.0000000E+00  1.7368421E+05  1.0000000E+04  5.2604187E+01  1.4744090E+01  2.1500000E+00
0.0000000E+00  1.7631579E+05  1.0000000E+04  5.2020514E+01  1.4708992E+01  2.1750000E+00
0.0000000E+00  1.7894737E+05  1.0000000E+04  5.1171028E+01  1.4657294E+01  2.2000000E+00
0.0000000E+00  1.8157895E+05  1.0000000E+04  5.0350878E+01  1.4606712E+01  2.2250000E+00
0.0000000E+00  1.8421053E+05  1.0000000E+04  4.9754339E+01  1.4569495E+01  2.2500000E+00
0.0000000E+00  1.8684211E+05  1.0000000E+04  4.9173775E+01  1.4532885E+01  2.2750000E+00
0.0000000E+00  1.8947368E+05  1.0000000E+04  4.8608413E+01  1.4496871E+01  2.3000000E+00
0.0000000E+00  1.9210526E+05  1.0000000E+04  4.8057815E+01  1.4461446E+01  2.3250000E+00
0.0000000E+00  1.9473684E+05  1.0000000E+04  4.6999883E+01  1.4392323E+01  2.3500000E+00
0.0000000E+00  1.9736842E+05  1.0000000E+04  4.5995697E+01  1.4325447E+01  2.3750000E+00
0.0000000E+00  2.0000000E+05  1.0000000E+04  4.5096104E+01  1.4264408E+01  2.4000000E+00
0.0000000E+00  2.0263158E+05  1.0000000E+04  4.4449157E+01  1.4219865E+01  2.4250000E+00
0.0000000E+00  2.0526316E+05  1.0000000E+04  4.3826043E+01  1.4176356E+01  2.4500000E+00
0.0000000E+00  2.0789474E+05  1.0000000E+04  4.3225145E+01  1.4133859E+01  2.4750000E+00
0.0000000E+00  2.1052632E+05  1.0000000E+04  4.2645476E+01  1.4092352E+01  2.5000000E+00
0.0000000E+00  2.1315789E+05  1.0000000E+04  4.1904209E+01  1.4038510E+01  2.5250000E+00
0.0000000E+00  2.1578947E+05  1.0000000E+04  4.0853815E+01  1.3960862E+01  2.5500000E+00
0.0000000E+00  2.1842105E+05  1.0000000E+04  3.9871268E+01  1.3886805E+01  2.5750000E+00
0.0000000E+00  2.2105263E+05  1.0000000E+04  3.8652823E+01  1.3793373E+01  2.6000000E+00
0.0000000E+00  2.2368421E+05  1.0000000E+04  3.7525140E+01  1.3705676E+01  2.6250000E+00
0.0000000E+00  2.2631579E+05  1.0000000E+04  3.6472558E+01  1.3623367E+01  2.6500000E+00
0.0000000E+00  2.2894737E+05  1.0000000E+04  3.5724684E+01  1.3564972E+01  2.6750000E+00
0.0000000E+00  2.3157895E+05  1.0000000E+04  3.5003917E+01  1.3509288E+01  2.7000000E+00
0.0000000E+00  2.3421053E+05  1.0000000E+04  3.4301041E+01  1.3456187E+01  2.7250000E+00
0.0000000E+00  2.3684211E+05  1.0000000E+04  3.3622648E+01  1.3405547E+01  2.7500000E+00
0.0000000E+00  2.3947368E+05  1.0000000E+04  3.2718300E+01  1.3341020E+01  2.7750000E+00
0.0000000E+00  2.4210526E+05  1.0000000E+04  3.1816403E+01  1.3280467E+01  2.8000000E+00
0.0000000E+00  2.4473684E+05  1.0000000E+04  3.0898205E+01  1.3223628E+01  2.8250000E+00
0.0000000E+00  2.4736842E+05  1.0000000E+04  2.9944190E+01  1.3170257E+01  2.8500000E+00
0.0000000E+00  2.5000000E+05  1.0000000E+04  2.8934051E+01  1.3120125E+01  2.8750000E+00
0.0000000E+00  2.5263158E+05  1.0000000E+04  2.7846895E+01  1.3073014E+01  2.9000000E+00
0.0000000E+00  2.5526316E+05  1.0000000E+04  2.6660078E+01  1.3028722E+01  2.9250000E+00
0.0000000E+00  2.5789474E+05  1.0000000E+04  2.5365789E+01  1.2987059E+01  2.9500000E+00
0.0000000E+00  2.6052632E+05  1.0000000E+04  2.3966735E+01  1.2947846E+01  2.9750000E+00
0.0000000E+00  2.6315789E+05  1.0000000E+04  2.2490669E+01  1.2910917E+01  3.0000000E+00
0.0000000E+00  2.6586063E+05  1.0000000E+04  2.0998833E+01  1.2876117E+01  3.0256760E+00
0.0000000E+00  2.6856336E+05  1.0000000E+04  1.9562865E+01  1.2843300E+01  3.0513520E+00
0.0000000E+00  2.7126610E+05  1.0000000E+04  1.8241869E+01  1.2812331E+01  3.0770279E+00
0.0000000E+00  2.7396883E+05  1.0000000E+04  1.7074517E+01  1.2783085E+01  3.1027039E+00
0.0000000E+00  2.7667157E+05  1.0000000E+04  1.6144634E+01  1.2757621E+01  3.1283799E+00
0.0000000E+00  2.7937430E+05  1.0000000E+04  1.5344801E+01  1.2733427E+01  3.1540559E+00
0.0000000E+00  2.8207704E+05  1.0000000E+04  1.4661641E+01  1.2710426E+01  3.1797319E+00
0.0000000E+00  2.8477977E+05  1.0000000E+04  1.4078595E+01  1.2688543E+01  3.2054078E+00
0.0000000E+00  2.8748251E+05  1.0000000E+04  1.3578850E+01  1.2667709E+01  3.2310838E+00
0.0000000E+00  2.9018524E+05  1.0000000E+04  1.3150574E+01  1.2647858E+01  3.2567598E+00
0.0000000E+00  2.9288798E+05  1.0000000E+04  1.2782539E+01  1.2628930E+01  3.2824358E+00
0.0000000E+00  2.9559071E+05  1.0000000E+04  1.2466279E+01  1.2610869E+01  3.3081118E+00
0.0000000E+00  2.9829345E+05  1.0000000E+04  1.2194810E+01  1.2593622E+01  3.3337877E+00
0.0000000E+00  3.0099618E+05  1.0000000E+04  1.1961941E+01  1.2577140E+01  3.3594637E+00
0.0000000E+00  3.0369892E+05  1.0000000E+04  1.1762284E+01  1.2561377E+01  3.3851397E+00
0.0000000E+00  3.0640165E+05  1.0000000E+04  1.1591596E+01  1.2546289E+01  3.4108157E+00
0.0000000E+00  3.0910439E+05  1.0000000E+04  1.1445255E+01  1.2531837E+01  3.4364917E+00
0.0000000E+00  3.1180712E+05  1.0000000E+04  1.1318984E+01  1.2517983E+01  3.4621677E+00
0.0000000E+00  3.1450986E+05  1.0000000E+04  1.1208831E+01  1.2504693E+01  3.4878436E+00
0.0000000E+00  3.1721259E+05  1.0000000E+04  1.1111313E+01  1.2491933E+01  3.5135196E+00
0.0000000E+00  3.1991533E+05  1.0000000E+04  1.1035562E+01  1.2479674E+01  3.5391956E+00
0.0000000E+00  3.2261806E+05  1.0000000E+04  1.0968223E+01  1.2467885E+01  3.5648716E+00
0.0000000E+00  3.2532080E+05  1.0000000E+04  1.0936172E+01  1.2462160E+01  3.5905476E+00
0.0000000E+00  3.2802353E+05  1.0000000E+04  1.0912394E+01  1.2457937E+01  3.6162235E+00
0.0000000E+00  3.3072627E+05  1.0000000E+04  1.0888779E+01  1.2453773E+01  3.6418995E+00
0.0000000E+00  3.3342900E+05  1.0000000E+04  1.0865372E+01  1.2449668E+01  3.6675755E+00
0.0000000E+00  3.3613173E+05  1.0000000E+04  1.0847278E+01  1.2445620E+01  3.6932515E+00
0.0000000E+00  3.3883447E+05  1.0000000E+04  1.0826458E+01  1.2440308E+01  3.7189275E+00
0.0000000E+00  3.4153720E+05  1.0000000E+04  1.0809506E+01  1.2436388E+01  3.7446034E+00
0.0000000E+00  3.4423994E+05  1.0000000E+04  1.0788290E+01  1.2432521E+01  3.7702794E+00
0.0000000E+00  3.4694267E+05  1.0000000E+04  1.0763277E+01  1.2428706E+01  3.7959554E+00
0.0000000E+00  3.4964541E+05  1.0000000E+04  1.0736807E+01  1.2424943E+01  3.8216314E+00
0.0000000E+00  3.5234814E+05  1.0000000E+04  1.0700105E+01  1.2420001E+01  3.8473074E+00
0.0000000E+00  3.5505088E+05  1.0000000E+04  1.0662472E+01  1.2415146E+01  3.8729834E+00
0.0000000E+00  3.5768717E+05  1.0000000E+04  1.0604306E+01  1.2408020E+01  3.8980282E+00
0.0000000E+00  3.6032347E+05  1.0000000E+04  1.0560158E+01  1.2402795E+01  3.9230730E+00
0.0000000E+00  3.6295977E+05  1.0000000E+04  1.0515323E+01  1.2397669E+01  3.9481178E+00
0.0000000E+00  3.6559606E+05  1.0000000E+04  1.0470148E+01  1.2392639E+01  3.9731626E+00
0.0000000E+00  3.6823236E+05  1.0000000E+04  1.0424782E+01  1.2387702E+01  3.9982074E+00
0.0000000E+00  3.7086866E+05  1.0000000E+04  1.0383179E+01  1.2383253E+01  4.0232522E+00
0.0000000E+00  3.7350495E+05  1.0000000E+04  1.0321097E+01  1.2376719E+01  4.0482971E+00
0.0000000E+00  3.7614125E+05  1.0000000E+04  1.0260196E+01  1.2370344E+01  4.0733419E+00
0.0000000E+00  3.7877755E+05  1.0000000E+04  1.0179719E+01  1.2362082E+01  4.0983867E+00
0.0000000E+00  3.8141384E+05  1.0000000E+04  1.0100914E+01  1.2354078E+01  4.1234315E+00
0.0000000E+00  3.8405014E+05  1.0000000E+04  1.0024088E+01  1.2346321E+01  4.1484763E+00
0.0000000E+00  3.8668643E+05  1.0000000E+04  9.9494860E+00  1.2338796E+01  4.1735211E+00
0.0000000E+00  3.8932273E+05  1.0000000E+04  9.8775293E+00  1.2331493E+01  4.1985659E+00
0.0000000E+00  3.9195903E+05  1.0000000E+04  9.8083548E+00  1.2324401E+01  4.2236107E+00
0.0000000E+00  3.9459532E+05  1.0000000E+04  9.6787654E+00  1.2310809E+01  4.2486556E+00
0.0000000E+00  3.9723162E+05  1.0000000E+04  9.6186757E+00  1.2304291E+01  4.2737004E+00
0.0000000E+00  3.9986791E+05  1.0000000E+04  9.5561503E+00  1.2297321E+01  4.2987452E+00
0.0000000E+00  4.0250421E+05  1.0000000E+04  9.5033439E+00  1.2291219E+01  4.3237900E+00
0.0000000E+00  4.0514051E+05  1.0000000E+04  9.4753613E+00  1.2287855E+01  4.3488348E+00
0.0000000E+00  4.0777680E+05  1.0000000E+04  9.4497273E+00  1.2284744E+01  4.3738796E+00
0.0000000E+00  4.1041310E+05  1.0000000E+04  9.4265017E+00  1.2281865E+01  4.3989244E+00
0.0000000E+00  4.1304940E+05  1.0000000E+04  9.3983995E+00  1.2278316E+01  4.4239693E+00
0.0000000E+00  4.1568569E+05  1.0000000E+04  9.3738475E+00  1.2275110E+01  4.4490141E+00
0.0000000E+00  4.1832199E+05  1.0000000E+04  9.3522156E+00  1.2272209E+01  4.4740589E+00
0.0000000E+00  4.2095829E+05  1.0000000E+04  9.3236085E+00  1.2268279E+01  4.4991037E+00
0.0000000E+00  4.2359458E+05  1.0000000E+04  9.3000711E+00  1.2264895E+01  4.5241485E+00
0.0000000E+00  4.2623088E+05  1.0000000E+04  9.2804322E+00  1.2261974E+01  4.5491933E+00
0.0000000E+00  4.2886717E+05  1.0000000E+04  9.2477861E+00  1.2256951E+01  4.5742382E+00
0.0000000E+00  4.3150347E+05  1.0000000E+04  9.2254277E+00  1.2253256E+01  4.5992830E+00
0.0000000E+00  4.3413977E+05  1.0000000E+04  9.2096067E+00  1.2250523E+01  4.6243278E+00
0.0000000E+00  4.3677606E+05  1.0000000E+04  9.1870114E+00  1.2246484E+01  4.6493726E+00
0.0000000E+00  4.3941236E+05  1.0000000E+04  9.1663563E+00  1.2242517E+01  4.6744174E+00
0.0000000E+00  4.4204866E+05  1.0000000E+04  9.1235833E+00  1.2233388E+01  4.6994622E+00
0.0000000E+00  4.4468495E+05  1.0000000E+04  9.0901309E+00  1.2224618E+01  4.7245070E+00
0.0000000E+00  4.4732125E+05  1.0000000E+04  9.0646414E+00  1.2216182E+01  4.7495518E+00
0.0000000E+00  4.4995754E+05  1.0000000E+04  9.0463066E+00  1.2208057E+01  4.7745967E+00
0.0000000E+00  4.5259384E+05  1.0000000E+04  9.0343174E+00  1.2200224E+01  4.7996415E+00
0.0000000E+00  4.5523014E+05  1.0000000E+04  9.0278872E+00  1.2192664E+01  4.8246863E+00
0.0000000E+00  4.5786643E+05  1.0000000E+04  9.0316164E+00  1.2185360E+01  4.8497311E+00
0.0000000E+00  4.6050273E+05  1.0000000E+04  9.0391020E+00  1.2178296E+01  4.8747759E+00
0.0000000E+00  4.6313903E+05  1.0000000E+04  9.0498459E+00  1.2171459E+01  4.8998207E+00
0.0000000E+00  4.6577532E+05  1.0000000E+04  9.0632485E+00  1.2164835E+01  4.9248656E+00
0.0000000E+00  4.6841162E+05  1.0000000E+04  9.0787460E+00  1.2158413E+01  4.9499104E+00
0.0000000E+00  4.7104791E+05  1.0000000E+04  9.0958133E+00  1.2152183E+01  4.9749552E+00
0.0000000E+00  4.7368421E+05  1.0000000E+04  9.1139622E+00  1.2146133E+01  5.0000000E+00
0.0000000E+00  4.7632051E+05  1.0000000E+04  9.1327401E+00  1.2140255E+01  5.0250448E+00
0.0000000E+00  4.7895680E+05  1.0000000E+04  9.1517277E+00  1.2134540E+01  5.0500896E+00
0.0000000E+00  4.8159310E+05  1.0000000E+04  9.1709714E+00  1.2128850E+01  5.0751344E+00
0.0000000E+00  4.8422940E+05  1.0000000E+04  9.1896642E+00  1.2123316E+01  5.1001793E+00
0.0000000E+00  4.8686569E+05  1.0000000E+04  9.2074601E+00  1.2117929E+01  5.1252241E+00
0.0000000E+00  4.8950199E+05  1.0000000E+04  9.2240692E+00  1.2112683E+01  5.1502689E+00
0.0000000E+00  4.9213828E+05  1.0000000E+04  9.2392550E+00  1.2107572E+01  5.1753137E+00
0.0000000E+00  4.9477458E+05  1.0000000E+04  9.2528419E+00  1.2102589E+01  5.2003585E+00
0.0000000E+00  4.9741088E+05  1.0000000E+04  9.2647226E+00  1.2097730E+01  5.2254033E+00
0.0000000E+00  5.0004717E+05  1.0000000E+04  9.2748637E+00  1.2092989E+01  5.2504482E+00
0.0000000E+00  5.0268347E+05  1.0000000E+04  9.2833078E+00  1.2088361E+01  5.2754930E+00
0.0000000E+00  5.0531977E+05  1.0000000E+04  9.2901721E+00  1.2083843E+01  5.3005378E+00
0.0000000E+00  5.0795606E+05  1.0000000E+04  9.2956430E+00  1.2079428E+01  5.3255826E+00
0.0000000E+00  5.1059236E+05  1.0000000E+04  9.2999666E+00  1.2075115E+01  5.3506274E+00
0.0000000E+00  5.1322865E+05  1.0000000E+04  9.3034354E+00  1.2070898E+01  5.3756722E+00
0.0000000E+00  5.1586495E+05  1.0000000E+04  9.3063714E+00  1.2066774E+01  5.4007170E+00
0.0000000E+00  5.1850125E+05  1.0000000E+04  9.3091062E+00  1.2062740E+01  5.4257618E+00
0.0000000E+00  5.2113754E+05  1.0000000E+04  9.3119614E+00  1.2058792E+01  5.4508067E+00
0.0000000E+00  5.2377384E+05  1.0000000E+04  9.3152281E+00  1.2054929E+01  5.4758515E+00
0.0000000E+00  5.2641014E+05  1.0000000E+04  9.3191522E+00  1.2051146E+01  5.5008963E+00
0.0000000E+00  5.2904643E+05  1.0000000E+04  9.3239234E+00  1.2047441E+01  5.5259411E+00
0.0000000E+00  5.3168273E+05  1.0000000E+04  9.3296717E+00  1.2043811E+01  5.5509859E+00
0.0000000E+00  5.3431902E+05  1.0000000E+04  9.3364696E+00  1.2040255E+01  5.5760307E+00
0.0000000E+00  5.3695532E+05  1.0000000E+04  9.3443387E+00  1.2036769E+01  5.6010756E+00
0.0000000E+00  5.3959162E+05  1.0000000E+04  9.3532585E+00  1.2033351E+01  5.6261204E+00
0.0000000E+00  5.4222791E+05  1.0000000E+04  9.3631774E+00  1.2030000E+01  5.6511652E+00
0.0000000E+00  5.4486421E+05  1.0000000E+04  9.3740215E+00  1.2026713E+01  5.6762100E+00
0.0000000E+00  5.4750051E+05  1.0000000E+04  9.3857037E+00  1.2023489E+01  5.7012548E+00
0.0000000E+00  5.5013680E+05  1.0000000E+04  9.3981306E+00  1.2020325E+01  5.7262996E+00
0.0000000E+00  5.5277310E+05  1.0000000E+04  9.4112074E+00  1.2017219E+01  5.7513444E+00
0.0000000E+00  5.5540939E+05  1.0000000E+04  9.4248420E+00  1.2014171E+01  5.7763893E+00
0.0000000E+00  5.5804569E+05  1.0000000E+04  9.4389472E+00  1.2011178E+01  5.8014341E+00
0.0000000E+00  5.6068199E+05  1.0000000E+04  9.4534423E+00  1.2008239E+01  5.8264789E+00
0.0000000E+00  5.6331828E+05  1.0000000E+04  9.4682543E+00  1.2005352E+01  5.8515237E+00
0.0000000E+00  5.6595458E+05  1.0000000E+04  9.4833172E+00  1.2002516E+01  5.8765685E+00
0.0000000E+00  5.6859088E+05  1.0000000E+04  9.4985729E+00  1.1999730E+01  5.9016133E+00
0.0000000E+00  5.7122717E+05  1.0000000E+04  9.5139702E+00  1.1996991E+01  5.9266581E+00
0.0000000E+00  5.7386347E+05  1.0000000E+04  9.5294644E+00  1.1994300E+01  5.9517029E+00
0.0000000E+00  5.7649977E+05  1.0000000E+04  9.5450169E+00  1.1991654E+01  5.9767478E+00
0.0000000E+00  5.7913606E+05  1.0000000E+04  9.5605947E+00  1.1989053E+01  6.0017926E+00
0.0000000E+00  5.8177236E+05  1.0000000E+04  9.5761695E+00  1.1986495E+01  6.0268374E+00
0.0000000E+00  5.8440865E+05  1.0000000E+04  9.5917171E+00  1.1983980E+01  6.0518822E+00
0.0000000E+00  5.8704495E+05  1.0000000E+04  9.6072174E+00  1.1981505E+01  6.0769270E+00
0.0000000E+00  5.8968125E+05  1.0000000E+04  9.6226535E+00  1.1979071E+01  6.1019718E+00
0.0000000E+00  5.9231754E+05  1.0000000E+04  9.6380111E+00  1.1976676E+01  6.1270166E+00
0.0000000E+00  5.9502028E+05  1.0000000E+04  9.6532787E+00  1.1974319E+01  6.1526926E+00
0.0000000E+00  5.9772301E+05  1.0000000E+04  9.6684347E+00  1.1972000E+01  6.1783686E+00
0.0000000E+00  6.0042575E+05  1.0000000E+04  9.6835143E+00  1.1969717E+01  6.2040446E+00
0.0000000E+00  6.0312848E+05  1.0000000E+04  9.6984817E+00  1.1967469E+01  6.2297206E+00
0.0000000E+00  6.0583122E+05  1.0000000E+04  9.7133313E+00  1.1965257E+01  6.2553966E+00
0.0000000E+00  6.0853395E+05  1.0000000E+04  9.7280594E+00  1.1963078E+01  6.2810725E+00
0.0000000E+00  6.1123669E+05  1.0000000E+04  9.7427026E+00  1.1960932E+01  6.3067485E+00
0.0000000E+00  6.1393942E+05  1.0000000E+04  9.7572792E+00  1.1958819E+01  6.3324245E+00
0.0000000E+00  6.1664216E+05  1.0000000E+04  9.7717272E+00  1.1956738E+01  6.3581005E+00
0.0000000E+00  6.1934489E+05  1.0000000E+04  9.7860446E+00  1.1954687E+01  6.3837765E+00
0.0000000E+00  6.2204763E+05  1.0000000E+04  9.8002311E+00  1.1952667E+01  6.4094524E+00
0.0000000E+00  6.2475036E+05  1.0000000E+04  9.8142868E+00  1.1950676E+01  6.4351284E+00
0.0000000E+00  6.2745309E+05  1.0000000E+04  9.8282158E+00  1.1948715E+01  6.4608044E+00
0.0000000E+00  6.3015583E+05  1.0000000E+04  9.8420165E+00  1.1946782E+01  6.4864804E+00
0.0000000E+00  6.3285857E+05  1.0000000E+04  9.8556885E+00  1.1944876E+01  6.5121564E+00
0.0000000E+00  6.3556130E+05  1.0000000E+04  9.8692331E+00  1.1942998E+01  6.5378324E+00
0.0000000E+00  6.3826403E+05  1.0000000E+04  9.8826514E+00  1.1941147E+01  6.5635083E+00
0.0000000E+00  6.4096677E+05  1.0000000E+04  9.8959449E+00  1.1939321E+01  6.5891843E+00
0.0000000E+00  6.4366950E+05  1.0000000E+04  9.9091151E+00  1.1937521E+01  6.6148603E+00
0.0000000E+00  6.4637224E+05  1.0000000E+04  9.9221635E+00  1.1935746E+01  6.6405363E+00
0.0000000E+00  6.4907497E+05  1.0000000E+04  9.9350916E+00  1.1933995E+01  6.6662123E+00
0.0000000E+00  6.5177771E+05  1.0000000E+04  9.9479012E+00  1.1932269E+01  6.6918882E+00
0.0000000E+00  6.5448044E+05  1.0000000E+04  9.9603352E+00  1.1930601E+01  6.7175642E+00
0.0000000E+00  6.5718318E+05  1.0000000E+04  9.9726525E+00  1.1928956E+01  6.7432402E+00
0.0000000E+00  6.5988591E+05  1.0000000E+04  9.9848607E+00  1.1927332E+01  6.7689162E+00
0.0000000E+00  6.6258865E+05  1.0000000E+04  9.9969614E+00  1.1925729E+01  6.7945921E+00
0.0000000E+00  6.6529138E+05  1.0000000E+04  1.0008956E+01  1.1924147E+01  6.8202681E+00
0.0000000E+00  6.6799412E+05  1.0000000E+04  1.0020903E+01  1.1922586E+01  6.8459441E+00
0.0000000E+00  6.7069685E+05  1.0000000E+04  1.0032756E+01  1.1921045E+01  6.8716201E+00
0.0000000E+00  6.7339959E+05  1.0000000E+04  1.0044506E+01  1.1919523E+01  6.8972961E+00
0.0000000E+00  6.7610232E+05  1.0000000E+04  1.0056155E+01  1.1918021E+01  6.9229721E+00
0.0000000E+00  6.7880506E+05  1.0000000E+04  1.0067705E+01  1.1916538E+01  6.9486480E+00
0.0000000E+00  6.8150779E+05  1.0000000E+04  1.0079156E+01  1.1915073E+01  6.9743240E+00
0.0000000E+00  6.8421053E+05  1.0000000E+04  1.0090511E+01  1.1913627E+01  7.0000000E+00
0.0000000E+00  6.8690958E+05  1.0000000E+04  1.0101770E+01  1.1912199E+01  7.0256410E+00
0.0000000E+00  6.8960864E+05  1.0000000E+04  1.0112935E+01  1.1910788E+01  7.0512821E+00
0.0000000E+00  6.9230769E+05  1.0000000E+04  1.0124007E+01  1.1909395E+01  7.0769231E+00
0.0000000E+00  6.9500675E+05  1.0000000E+04  1.0134988E+01  1.1908018E+01  7.1025641E+00
0.0000000E+00  6.9770580E+05  1.0000000E+04  1.0145879E+01  1.1906659E+01  7.1282051E+00
0.0000000E+00  7.0040486E+05  1.0000000E+04  1.0156678E+01  1.1905315E+01  7.1538461E+00
0.0000000E+00  7.0310391E+05  1.0000000E+04  1.0167393E+01  1.1903988E+01  7.1794872E+00
0.0000000E+00  7.0580297E+05  1.0000000E+04  1.0178021E+01  1.1902677E+01  7.2051282E+00
0.0000000E+00  7.0850202E+05  1.0000000E+04  1.0188564E+01  1.1901381E+01  7.2307692E+00
0.0000000E+00  7.1120108E+05  1.0000000E+04  1.0199023E+01  1.1900101E+01  7.2564103E+00
0.0000000E+00  7.1390013E+05  1.0000000E+04  1.0209394E+01  1.1898836E+01  7.2820513E+00
0.0000000E+00  7.1659919E+05  1.0000000E+04  1.0219686E+01  1.1897585E+01  7.3076923E+00
0.0000000E+00  7.1929825E+05  1.0000000E+04  1.0229896E+01  1.1896350E+01  7.3333333E+00
0.0000000E+00  7.2199730E+05  1.0000000E+04  1.0240026E+01  1.1895128E+01  7.3589744E+00
0.0000000E+00  7.2469636E+05  1.0000000E+04  1.0250076E+01  1.1893920E+01  7.3846154E+00
0.0000000E+00  7.2739541E+05  1.0000000E+04  1.0260048E+01  1.1892727E+01  7.4102564E+00
0.0000000E+00  7.3009447E+05  1.0000000E+04  1.0269941E+01  1.1891547E+01  7.4358974E+00
0.0000000E+00  7.3279352E+05  1.0000000E+04  1.0279758E+01  1.1890380E+01  7.4615385E+00
0.0000000E+00  7.3549258E+05  1.0000000E+04  1.0289498E+01  1.1889227E+01  7.4871795E+00
0.0000000E+00  7.3819163E+05  1.0000000E+04  1.0299163E+01  1.1888086E+01  7.5128205E+00
0.0000000E+00  7.4089069E+05  1.0000000E+04  1.0308754E+01  1.1886958E+01  7.5384615E+00
0.0000000E+00  7.4358974E+05  1.0000000E+04  1.0318271E+01  1.1885843E+01  7.5641026E+00
0.0000000E+00  7.4628880E+05  1.0000000E+04  1.0327714E+01  1.1884740E+01  7.5897436E+00
0.0000000E+00  7.4898785E+05  1.0000000E+04  1.0337085E+01  1.1883650E+01  7.6153846E+00
0.0000000E+00  7.5168691E+05  1.0000000E+04  1.0346385E+01  1.1882571E+01  7.6410256E+00
0.0000000E+00  7.5438597E+05  1.0000000E+04  1.0355612E+01  1.1881504E+01  7.6666667E+00
0.0000000E+00  7.5708502E+05  1.0000000E+04  1.0364775E+01  1.1880449E+01  7.6923077E+00
0.0000000E+00  7.5978408E+05  1.0000000E+04  1.0373870E+01  1.1879405E+01  7.7179487E+00
0.0000000E+00  7.6248313E+05  1.0000000E+04  1.0382895E+01  1.1878372E+01  7.7435897E+00
0.0000000E+00  7.6518219E+05  1.0000000E+04  1.0391852E+01  1.1877350E+01  7.7692308E+00
0.0000000E+00  7.6788124E+05  1.0000000E+04  1.0400742E+01  1.1876340E+01  7.7948718E+00
0.0000000E+00  7.7058030E+05  1.0000000E+04  1.0409564E+01  1.1875340E+01  7.8205128E+00
0.0000000E+00  7.7327935E+05  1.0000000E+04  1.0418320E+01  1.1874350E+01  7.8461539E+00
0.0000000E+00  7.7597841E+05  1.0000000E+04  1.0427010E+01  1.1873371E+01  7.8717949E+00
0.0000000E+00  7.7867746E+05  1.0000000E+04  1.0435634E+01  1.1872402E+01  7.8974359E+00
0.0000000E+00  7.8137652E+05  1.0000000E+04  1.0444194E+01  1.1871444E+01  7.9230769E+00
0.0000000E+00  7.8407557E+05  1.0000000E+04  1.0452689E+01  1.1870495E+01  7.9487179E+00
0.0000000E+00  7.8677463E+05  1.0000000E+04  1.0461120E+01  1.1869556E+01  7.9743590E+00
0.0000000E+00  7.8947368E+05  1.0000000E+04  1.0469488E+01  1.1868627E+01  8.0000000E+00
0.0000000E+00  7.9215463E+05  1.0000000E+04  1.0477793E+01  1.1867707E+01  8.0254690E+00
0.0000000E+00  7.9483557E+05  1.0000000E+04  1.0486035E+01  1.1866797E+01  8.0509379E+00
0.0000000E+00  7.9751652E+05  1.0000000E+04  1.0494215E+01  1.1865896E+01  8.0764069E+00
0.0000000E+00  8.0019746E+05  1.0000000E+04  1.0502334E+01  1.1865004E+01  8.1018759E+00
0.0000000E+00  8.0287841E+05  1.0000000E+04  1.0510668E+01  1.1864090E+01  8.1273449E+00
0.0000000E+00  8.0555935E+05  1.0000000E+04  1.0518944E+01  1.1863185E+01  8.1528138E+00
0.0000000E+00  8.0824030E+05  1.0000000E+04  1.0527157E+01  1.1862290E+01  8.1782828E+00
0.0000000E+00  8.1092124E+05  1.0000000E+04  1.0535305E+01  1.1861404E+01  8.2037518E+00
0.0000000E+00  8.1360219E+05  1.0000000E+04  1.0543419E+01  1.1860527E+01  8.2292208E+00
0.0000000E+00  8.1628313E+05  1.0000000E+04  1.0551467E+01  1.1859659E+01  8.2546898E+00
0.0000000E+00  8.1896408E+05  1.0000000E+04  1.0559451E+01  1.1858800E+01  8.2801587E+00
0.0000000E+00  8.2164502E+05  1.0000000E+04  1.0567373E+01  1.1857949E+01  8.3056277E+00
0.0000000E+00  8.2432597E+05  1.0000000E+04  1.0575233E+01  1.1857107E+01  8.3310967E+00
0.0000000E+00  8.2700691E+05  1.0000000E+04  1.0583030E+01  1.1856274E+01  8.3565657E+00
0.0000000E+00  8.2968786E+05  1.0000000E+04  1.0590765E+01  1.1855448E+01  8.3820346E+00
0.0000000E+00  8.3236880E+05  1.0000000E+04  1.0598439E+01  1.1854632E+01  8.4075036E+00
0.0000000E+00  8.3504975E+05  1.0000000E+04  1.0606051E+01  1.1853823E+01  8.4329726E+00
0.0000000E+00  8.3773069E+05  1.0000000E+04  1.0613603E+01  1.1853022E+01  8.4584416E+00
0.0000000E+00  8.4041164E+05  1.0000000E+04  1.0621093E+01  1.1852229E+01  8.4839105E+00
0.0000000E+00  8.4309258E+05  1.0000000E+04  1.0628523E+01  1.1851443E+01  8.5093795E+00
0.0000000E+00  8.4577353E+05  1.0000000E+04  1.0635893E+01  1.1850666E+01  8.5348485E+00
0.0000000E+00  8.4845447E+05  1.0000000E+04  1.0643202E+01  1.1849896E+01  8.5603175E+00
0.0000000E+00  8.5113541E+05  1.0000000E+04  1.0650452E+01  1.1849133E+01  8.5857864E+00
0.0000000E+00  8.5386050E+05  1.0000000E+04  1.0657642E+01  1.1848378E+01  8.6116748E+00
0.0000000E+00  8.5658559E+05  1.0000000E+04  1.0664772E+01  1.1847630E+01  8.6375631E+00
0.0000000E+00  8.5931068E+05  1.0000000E+04  1.0671843E+01  1.1846889E+01  8.6634515E+00
0.0000000E+00  8.6203577E+05  1.0000000E+04  1.0678622E+01  1.1846180E+01  8.6893398E+00
0.0000000E+00  8.6476086E+05  1.0000000E+04  1.0685339E+01  1.1845478E+01  8.7152282E+00
0.0000000E+00  8.6748595E+05  1.0000000E+04  1.0692001E+01  1.1844782E+01  8.7411165E+00
0.0000000E+00  8.7021104E+05  1.0000000E+04  1.0698609E+01  1.1844093E+01  8.7670049E+00
0.0000000E+00  8.7293613E+05  1.0000000E+04  1.0705162E+01  1.1843409E+01  8.7928932E+00
0.0000000E+00  8.7566122E+05  1.0000000E+04  1.0711660E+01  1.1842732E+01  8.8187816E+00
0.0000000E+00  8.7838631E+05  1.0000000E+04  1.0718103E+01  1.1842061E+01  8.8446699E+00
0.0000000E+00  8.8111140E+05  1.0000000E+04  1.0724493E+01  1.1841396E+01  8.8705583E+00
0.0000000E+00  8.8383649E+05  1.0000000E+04  1.0730827E+01  1.1840737E+01  8.8964466E+00
0.0000000E+00  8.8656157E+05  1.0000000E+04  1.0737108E+01  1.1840084E+01  8.9223350E+00
0.0000000E+00  8.8928666E+05  1.0000000E+04  1.0743334E+01  1.1839437E+01  8.9482233E+00
0.0000000E+00  8.9201175E+05  1.0000000E+04  1.0749507E+01  1.1838795E+01  8.9741116E+00
0.0000000E+00  8.9473684E+05  1.0000000E+04  1.0755625E+01  1.1838159E+01  9.0000000E+00
0.0000000E+00  8.9736842E+05  1.0000000E+04  1.0761689E+01  1.1837528E+01  9.0250000E+00
0.0000000E+00  9.0000000E+05  1.0000000E+04  1.0767698E+01  1.1836903E+01  9.0500000E+00
0.0000000E+00  9.0263158E+05  1.0000000E+04  1.0773654E+01  1.1836284E+01  9.0750000E+00
0.0000000E+00  9.0526316E+05  1.0000000E+04  1.0779556E+01  1.1835669E+01  9.1000000E+00
0.0000000E+00  9.0789474E+05  1.0000000E+04  1.0785403E+01  1.1835061E+01  9.1250000E+00
0.0000000E+00  9.1052632E+05  1.0000000E+04  1.0791197E+01  1.1834457E+01  9.1500000E+00
0.0000000E+00  9.1315789E+05  1.0000000E+04  1.0796936E+01  1.1833858E+01  9.1750000E+00
0.0000000E+00  9.1578947E+05  1.0000000E+04  1.0802622E+01  1.1833265E+01  9.2000000E+00
0.0000000E+00  9.1842105E+05  1.0000000E+04  1.0808253E+01  1.1832677E+01  9.2250000E+00
0.0000000E+00  9.2105263E+05  1.0000000E+04  1.0813829E+01  1.1832093E+01  9.2500000E+00
0.0000000E+00  9.2368421E+05  1.0000000E+04  1.0819351E+01  1.1831515E+01  9.2750000E+00
0.0000000E+00  9.2631579E+05  1.0000000E+04  1.0824819E+01  1.1830941E+01  9.3000000E+00
0.0000000E+00  9.2932331E+05  1.0000000E+04  1.0830232E+01  1.1830373E+01  9.3285714E+00
0.0000000E+00  9.3233083E+05  1.0000000E+04  1.0836953E+01  1.1829809E+01  9.3571429E+00
0.0000000E+00  9.3533835E+05  1.0000000E+04  1.0843102E+01  1.1829249E+01  9.3857143E+00
0.0000000E+00  9.3834586E+05  1.0000000E+04  1.0849175E+01  1.1828695E+01  9.4142857E+00
0.0000000E+00  9.4135338E+05  1.0000000E+04  1.0855186E+01  1.1828145E+01  9.4428571E+00
0.0000000E+00  9.4436090E+05  1.0000000E+04  1.0861135E+01  1.1827599E+01  9.4714286E+00
0.0000000E+00  9.4736842E+05  1.0000000E+04  1.0867022E+01  1.1827058E+01  9.5000000E+00
0.0000000E+00  9.5033425E+05  1.0000000E+04  1.0872847E+01  1.1826522E+01  9.5281754E+00
0.0000000E+00  9.5330009E+05  1.0000000E+04  1.0878610E+01  1.1825990E+01  9.5563508E+00
0.0000000E+00  9.5626592E+05  1.0000000E+04  1.0884309E+01  1.1825462E+01  9.5845262E+00
0.0000000E+00  9.5923175E+05  1.0000000E+04  1.0889946E+01  1.1824938E+01  9.6127017E+00
0.0000000E+00  9.6229485E+05  1.0000000E+04  1.0895519E+01  1.1824419E+01  9.6418011E+00
0.0000000E+00  9.6535795E+05  1.0000000E+04  1.0901029E+01  1.1823904E+01  9.6709006E+00
0.0000000E+00  9.6842105E+05  1.0000000E+04  1.0906474E+01  1.1823393E+01  9.7000000E+00
0.0000000E+00  9.7192982E+05  1.0000000E+04  1.0911856E+01  1.1822886E+01  9.7333333E+00
0.0000000E+00  9.7543860E+05  1.0000000E+04  1.0917172E+01  1.1822383E+01  9.7666667E+00
0.0000000E+00  9.7894737E+05  1.0000000E+04  1.0922424E+01  1.1821884E+01  9.8000000E+00
0.0000000E+00  9.8203045E+05  1.0000000E+04  1.0927610E+01  1.1821390E+01  9.8292893E+00
0.0000000E+00  9.8357200E+05  1.0000000E+04  1.0932730E+01  1.1820899E+01  9.8439340E+00
0.0000000E+00  9.8511354E+05  1.0000000E+04  1.0937784E+01  1.1820411E+01  9.8585786E+00
0.0000000E+00  9.8620358E+05  1.0000000E+04  1.0942770E+01  1.1819928E+01  9.8689340E+00
0.0000000E+00  9.8783863E+05  1.0000000E+04  1.0947690E+01  1.1819449E+01  9.8844670E+00
0.0000000E+00  9.8865616E+05  1.0000000E+04  1.0952542E+01  1.1818973E+01  9.8922335E+00
0.0000000E+00  9.8947368E+05  1.0000000E+04  1.0957326E+01  1.1818501E+01  9.9000000E+00
0.0000000E+00  9.9026316E+05  1.0000000E+04  1.0962041E+01  1.1818032E+01  9.9075000E+00
0.0000000E+00  9.9085526E+05  1.0000000E+04  1.0966687E+01  1.1817568E+01  9.9131250E+00
0.0000000E+00  9.9174342E+05  1.0000000E+04  1.0971263E+01  1.1817107E+01  9.9215625E+00
0.0000000E+00  9.9263158E+05  1.0000000E+04  1.0975768E+01  1.1816649E+01  9.9300000E+00
0.0000000E+00  9.9315789E+05  1.0000000E+04  1.0980203E+01  1.1816195E+01  9.9350000E+00
0.0000000E+00  9.9355263E+05  1.0000000E+04  1.0984566E+01  1.1815744E+01  9.9387500E+00
0.0000000E+00  9.9414474E+05  1.0000000E+04  1.0988945E+01  1.1815287E+01  9.9443750E+00
0.0000000E+00  9.9473684E+05  1.0000000E+04  1.0993250E+01  1.1814834E+01  9.9500000E+00
0.0000000E+00  9.9503343E+05  1.0000000E+04  1.0997478E+01  1.1814384E+01  9.9528175E+00
0.0000000E+00  9.9547830E+05  1.0000000E+04  1.1001629E+01  1.1813938E+01  9.9570438E+00
0.0000000E+00  9.9592318E+05  1.0000000E+04  1.1005700E+01  1.1813495E+01  9.9612702E+00
0.0000000E+00  9.9638264E+05  1.0000000E+04  1.1009693E+01  1.1813056E+01  9.9656351E+00
0.0000000E+00  9.9684211E+05  1.0000000E+04  1.1013605E+01  1.1812620E+01  9.9700000E+00
0.0000000E+00  9.9710526E+05  1.0000000E+04  1.1017435E+01  1.1812187E+01  9.9725000E+00
0.0000000E+00  9.9736842E+05  1.0000000E+04  1.1021184E+01  1.1811757E+01  9.9750000E+00
0.0000000E+00  9.9789474E+05  1.0000000E+04  1.1024849E+01  1.1811331E+01  9.9800000E+00
0.0000000E+00  9.9820305E+05  1.0000000E+04  1.1028429E+01  1.1810908E+01  9.9829289E+00
0.0000000E+00  9.9851135E+05  1.0000000E+04  1.1031925E+01  1.1810488E+01  9.9858579E+00
0.0000000E+00  9.9894737E+05  1.0000000E+04  1.1035334E+01  1.1810071E+01  9.9900000E+00
0.0000000E+00  9.9926316E+05  1.0000000E+04  1.1038655E+01  1.1809658E+01  9.9930000E+00
0.0000000E+00  9.9947368E+05  1.0000000E+04  1.1041887E+01  1.1809247E+01  9.9950000E+00
0.0000000E+00  9.9959232E+05  1.0000000E+04  1.1045028E+01  1.1808840E+01  9.9961270E+00
0.0000000E+00  9.9968421E+05  1.0000000E+04  1.1048079E+01  1.1808435E+01  9.9970000E+00
0.0000000E+00  9.9978947E+05  1.0000000E+04  1.1051036E+01  1.1808034E+01  9.9980000E+00
0.0000000E+00  9.9985114E+05  1.0000000E+04  1.1053899E+01  1.1807635E+01  9.9985858E+00
0.0000000E+00  9.9989474E+05  1.0000000E+04  1.1056666E+01  1.1807239E+01  9.9990000E+00
0.0000000E+00  9.9992632E+05  1.0000000E+04  1.1059335E+01  1.1806847E+01  9.9993000E+00
0.0000000E+00  9.9994737E+05  1.0000000E+04  1.1061906E+01  1.1806457E+01  9.9995000E+00
0.0000000E+00  9.9995923E+05  1.0000000E+04  1.1064375E+01  1.1806070E+01  9.9996127E+00
0.0000000E+00  9.9996842E+05  1.0000000E+04  1.1066742E+01  1.1805685E+01  9.9997000E+00
0.0000000E+00  9.9997895E+05  1.0000000E+04  1.1069005E+01  1.1805304E+01  9.9998000E+00
0.0000000E+00  9.9998511E+05  1.0000000E+04  1.1071162E+01  1.1804925E+01  9.9998586E+00
0.0000000E+00  9.9998947E+05  1.0000000E+04  1.1073210E+01  1.1804549E+01  9.9999000E+00
0.0000000E+00  9.9999263E+05  1.0000000E+04  1.1075148E+01  1.1804176E+01  9.9999300E+00
0.0000000E+00  9.9999474E+05  1.0000000E+04  1.1076974E+01  1.1803805E+01  9.9999500E+00
0.0000000E+00  9.9999592E+05  1.0000000E+04  1.1078685E+01  1.1803437E+01  9.9999613E+00
0.0000000E+00  9.9999684E+05  1.0000000E+04  1.1080279E+01  1.1803072E+01  9.9999700E+00
0.0000000E+00  9.9999789E+05  1.0000000E+04  1.1081753E+01  1.1802709E+01  9.9999800E+00
0.0000000E+00  9.9999851E+05  1.0000000E+04  1.1083106E+01  1.1802348E+01  9.9999859E+00
0.0000000E+00  9.9999895E+05  1.0000000E+04  1.1084334E+01  1.1801991E+01  9.9999900E+00
0.0000000E+00  9.9999926E+05  1.0000000E+04  1.1085434E+01  1.1801636E+01  9.9999930E+00
0.0000000E+00  9.9999947E+05  1.0000000E+04  1.1086404E+01  1.1801283E+01  9.9999950E+00
