Nsteps =      439
! r (AU)     t (yr)   nH (cm-3)  Tgas (K)   Tdust (K)   Av (mag)
0.0000000E+00  0.0000000E+00  1.0000000E+04  1.8306849E+02  2.1793129E+01  1.0000000E-01
0.0000000E+00  1.0459938E+03  1.0000000E+04  1.8386663E+02  2.1772438E+01  1.1035534E-01
0.0000000E+00  2.0919877E+03  1.0000000E+04  1.8457507E+02  2.1751961E+01  1.2071068E-01
0.0000000E+00  3.1379815E+03  1.0000000E+04  1.8517493E+02  2.1732847E+01  1.3106602E-01
0.0000000E+00  4.1839754E+03  1.0000000E+04  1.8571604E+02  2.1713914E+01  1.4142136E-01
0.0000000E+00  5.6632340E+03  1.0000000E+04  1.8643013E+02  2.1685850E+01  1.5606602E-01
0.0000000E+00  7.1424927E+03  1.0000000E+04  1.8690557E+02  2.1665057E+01  1.7071068E-01
0.0000000E+00  8.6217514E+03  1.0000000E+04  1.8733214E+02  2.1644478E+01  1.8535534E-01
0.0000000E+00  1.0101010E+04  1.0000000E+04  1.8771542E+02  2.1624107E+01  2.0000000E-01
0.0000000E+00  1.1363636E+04  1.0000000E+04  1.8806011E+02  2.1603941E+01  2.1250000E-01
0.0000000E+00  1.2626263E+04  1.0000000E+04  1.8851566E+02  2.1573719E+01  2.2500000E-01
0.0000000E+00  1.3888889E+04  1.0000000E+04  1.8890456E+02  2.1543940E+01  2.3750000E-01
0.0000000E+00  1.5151515E+04  1.0000000E+04  1.8937334E+02  2.1500069E+01  2.5000000E-01
0.0000000E+00  1.6414141E+04  1.0000000E+04  1.8965244E+02  2.1467769E+01  2.6250000E-01
0.0000000E+00  1.7676768E+04  1.0000000E+04  1.8987371E+02  2.1435963E+01  2.7500000E-01
0.0000000E+00  1.8939394E+04  1.0000000E+04  1.9015690E+02  2.1373762E+01  2.8750000E-01
0.0000000E+00  2.0202020E+04  1.0000000E+04  1.9027720E+02  2.1326719E+01  3.0000000E-01
0.0000000E+00  2.1671689E+04  1.0000000E+04  1.9030759E+02  2.1258021E+01  3.1454972E-01
0.0000000E+00  2.3141358E+04  1.0000000E+04  1.9020849E+02  2.1191398E+01  3.2909944E-01
0.0000000E+00  2.4611027E+04  1.0000000E+04  1.9001244E+02  2.1135593E+01  3.4364917E-01
0.0000000E+00  2.6080696E+04  1.0000000E+04  1.8958090E+02  2.1054332E+01  3.5819889E-01
0.0000000E+00  2.7550365E+04  1.0000000E+04  1.8901423E+02  2.0975751E+01  3.7274861E-01
0.0000000E+00  2.9020034E+04  1.0000000E+04  1.8820472E+02  2.0885904E+01  3.8729833E-01
0.0000000E+00  3.0443035E+04  1.0000000E+04  1.8751543E+02  2.0820530E+01  4.0138604E-01
0.0000000E+00  3.1866035E+04  1.0000000E+04  1.8637628E+02  2.0725386E+01  4.1547375E-01
0.0000000E+00  3.4712037E+04  1.0000000E+04  1.8513407E+02  2.0633398E+01  4.4364917E-01
0.0000000E+00  3.7558039E+04  1.0000000E+04  1.8335263E+02  2.0515095E+01  4.7182458E-01
0.0000000E+00  4.0404040E+04  1.0000000E+04  1.8193735E+02  2.0429274E+01  5.0000000E-01
0.0000000E+00  4.2929293E+04  1.0000000E+04  1.7972773E+02  2.0304676E+01  5.2500000E-01
0.0000000E+00  4.5454545E+04  1.0000000E+04  1.7742699E+02  2.0184484E+01  5.5000000E-01
0.0000000E+00  4.7979798E+04  1.0000000E+04  1.7452302E+02  2.0042261E+01  5.7500000E-01
0.0000000E+00  5.1136364E+04  1.0000000E+04  1.7229625E+02  1.9938999E+01  6.0625000E-01
0.0000000E+00  5.4292929E+04  1.0000000E+04  1.6893095E+02  1.9788980E+01  6.3750000E-01
0.0000000E+00  5.7449495E+04  1.0000000E+04  1.6552385E+02  1.9644211E+01  6.6875000E-01
0.0000000E+00  6.0606061E+04  1.0000000E+04  1.6128046E+02  1.9468851E+01  7.0000000E-01
0.0000000E+00  6.3131313E+04  1.0000000E+04  1.5811565E+02  1.9341707E+01  7.2500000E-01
0.0000000E+00  6.5909091E+04  1.0000000E+04  1.5576119E+02  1.9248614E+01  7.5250000E-01
0.0000000E+00  6.8686869E+04  1.0000000E+04  1.5228680E+02  1.9112371E+01  7.8000000E-01
0.0000000E+00  7.1464646E+04  1.0000000E+04  1.4887354E+02  1.8979942E+01  8.0750000E-01
0.0000000E+00  7.4242424E+04  1.0000000E+04  1.4549429E+02  1.8849598E+01  8.3500000E-01
0.0000000E+00  7.7020202E+04  1.0000000E+04  1.4260240E+02  1.8738359E+01  8.6250000E-01
0.0000000E+00  7.9797980E+04  1.0000000E+04  1.3769288E+02  1.8549600E+01  8.9000000E-01
0.0000000E+00  8.2575758E+04  1.0000000E+04  1.3413483E+02  1.8412662E+01  9.1750000E-01
0.0000000E+00  8.5353535E+04  1.0000000E+04  1.3154077E+02  1.8312410E+01  9.4500000E-01
0.0000000E+00  8.8131313E+04  1.0000000E+04  1.2776211E+02  1.8165777E+01  9.7250000E-01
0.0000000E+00  9.0909091E+04  1.0000000E+04  1.2411874E+02  1.8023414E+01  1.0000000E+00
0.0000000E+00  9.3524076E+04  1.0000000E+04  1.1940609E+02  1.7837416E+01  1.0258884E+00
0.0000000E+00  9.6139061E+04  1.0000000E+04  1.1601780E+02  1.7702473E+01  1.0517767E+00
0.0000000E+00  9.8754044E+04  1.0000000E+04  1.1356249E+02  1.7603704E+01  1.0776650E+00
0.0000000E+00  1.0136903E+05  1.0000000E+04  1.1000364E+02  1.7459300E+01  1.1035534E+00
0.0000000E+00  1.0398401E+05  1.0000000E+04  1.0659298E+02  1.7319205E+01  1.1294417E+00
0.0000000E+00  1.0659900E+05  1.0000000E+04  1.0407951E+02  1.7214815E+01  1.1553301E+00
0.0000000E+00  1.0921398E+05  1.0000000E+04  1.0194589E+02  1.7125386E+01  1.1812184E+00
0.0000000E+00  1.1182897E+05  1.0000000E+04  9.9857583E+01  1.7037687E+01  1.2071068E+00
0.0000000E+00  1.1444395E+05  1.0000000E+04  9.6856563E+01  1.6909280E+01  1.2329951E+00
0.0000000E+00  1.1705894E+05  1.0000000E+04  9.4678686E+01  1.6815371E+01  1.2588835E+00
0.0000000E+00  1.1967392E+05  1.0000000E+04  9.1528948E+01  1.6678217E+01  1.2847718E+00
0.0000000E+00  1.2228891E+05  1.0000000E+04  8.8516881E+01  1.6545353E+01  1.3106602E+00
0.0000000E+00  1.2490389E+05  1.0000000E+04  8.6772174E+01  1.6467505E+01  1.3365485E+00
0.0000000E+00  1.2751888E+05  1.0000000E+04  8.5071119E+01  1.6391110E+01  1.3624369E+00
0.0000000E+00  1.3013386E+05  1.0000000E+04  8.3618326E+01  1.6325431E+01  1.3883252E+00
0.0000000E+00  1.3274884E+05  1.0000000E+04  8.2200468E+01  1.6260818E+01  1.4142136E+00
0.0000000E+00  1.3532147E+05  1.0000000E+04  8.0986370E+01  1.6205141E+01  1.4396825E+00
0.0000000E+00  1.3789409E+05  1.0000000E+04  7.9798018E+01  1.6150251E+01  1.4651515E+00
0.0000000E+00  1.4046672E+05  1.0000000E+04  7.7777753E+01  1.6056053E+01  1.4906205E+00
0.0000000E+00  1.4303934E+05  1.0000000E+04  7.6071501E+01  1.5975526E+01  1.5160895E+00
0.0000000E+00  1.4561196E+05  1.0000000E+04  7.4419359E+01  1.5896724E+01  1.5415584E+00
0.0000000E+00  1.4818459E+05  1.0000000E+04  7.3214696E+01  1.5838731E+01  1.5670274E+00
0.0000000E+00  1.5075721E+05  1.0000000E+04  7.2040271E+01  1.5781670E+01  1.5924964E+00
0.0000000E+00  1.5332984E+05  1.0000000E+04  7.0332519E+01  1.5697792E+01  1.6179654E+00
0.0000000E+00  1.5590246E+05  1.0000000E+04  6.9092939E+01  1.5636204E+01  1.6434343E+00
0.0000000E+00  1.5847508E+05  1.0000000E+04  6.7886906E+01  1.5575727E+01  1.6689033E+00
0.0000000E+00  1.6104771E+05  1.0000000E+04  6.6713868E+01  1.5516338E+01  1.6943723E+00
0.0000000E+00  1.6362033E+05  1.0000000E+04  6.5572931E+01  1.5458019E+01  1.7198413E+00
0.0000000E+00  1.6619295E+05  1.0000000E+04  6.4451370E+01  1.5400130E+01  1.7453102E+00
0.0000000E+00  1.6876558E+05  1.0000000E+04  6.3629979E+01  1.5357405E+01  1.7707792E+00
0.0000000E+00  1.7133820E+05  1.0000000E+04  6.2826630E+01  1.5315266E+01  1.7962482E+00
0.0000000E+00  1.7391083E+05  1.0000000E+04  6.2040288E+01  1.5273703E+01  1.8217172E+00
0.0000000E+00  1.7648345E+05  1.0000000E+04  6.1270694E+01  1.5232710E+01  1.8471861E+00
0.0000000E+00  1.7905607E+05  1.0000000E+04  6.0435049E+01  1.5187820E+01  1.8726551E+00
0.0000000E+00  1.8162870E+05  1.0000000E+04  5.9619306E+01  1.5143614E+01  1.8981241E+00
0.0000000E+00  1.8420132E+05  1.0000000E+04  5.8823261E+01  1.5100081E+01  1.9235931E+00
0.0000000E+00  1.8677394E+05  1.0000000E+04  5.8046573E+01  1.5057212E+01  1.9490620E+00
0.0000000E+00  1.8934657E+05  1.0000000E+04  5.7102801E+01  1.5004544E+01  1.9745310E+00
0.0000000E+00  1.9191919E+05  1.0000000E+04  5.6413301E+01  1.4965703E+01  2.0000000E+00
0.0000000E+00  1.9444444E+05  1.0000000E+04  5.5740253E+01  1.4927418E+01  2.0250000E+00
0.0000000E+00  1.9696970E+05  1.0000000E+04  5.5082919E+01  1.4889683E+01  2.0500000E+00
0.0000000E+00  1.9949495E+05  1.0000000E+04  5.4440967E+01  1.4852490E+01  2.0750000E+00
0.0000000E+00  2.0202020E+05  1.0000000E+04  5.3814080E+01  1.4815831E+01  2.1000000E+00
0.0000000E+00  2.0454545E+05  1.0000000E+04  5.3201930E+01  1.4779700E+01  2.1250000E+00
0.0000000E+00  2.0707071E+05  1.0000000E+04  5.2604187E+01  1.4744090E+01  2.1500000E+00
0.0000000E+00  2.0959596E+05  1.0000000E+04  5.2020514E+01  1.4708992E+01  2.1750000E+00
0.0000000E+00  2.1212121E+05  1.0000000E+04  5.1171028E+01  1.4657294E+01  2.2000000E+00
0.0000000E+00  2.1464646E+05  1.0000000E+04  5.0350878E+01  1.4606712E+01  2.2250000E+00
0.0000000E+00  2.1717172E+05  1.0000000E+04  4.9754339E+01  1.4569495E+01  2.2500000E+00
0.0000000E+00  2.1969697E+05  1.0000000E+04  4.9173775E+01  1.4532885E+01  2.2750000E+00
0.0000000E+00  2.2222222E+05  1.0000000E+04  4.8608413E+01  1.4496871E+01  2.3000000E+00
0.0000000E+00  2.2474747E+05  1.0000000E+04  4.8057815E+01  1.4461446E+01  2.3250000E+00
0.0000000E+00  2.2727273E+05  1.0000000E+04  4.6999883E+01  1.4392323E+01  2.3500000E+00
0.0000000E+00  2.2979798E+05  1.0000000E+04  4.5995697E+01  1.4325447E+01  2.3750000E+00
0.0000000E+00  2.3232323E+05  1.0000000E+04  4.5096104E+01  1.4264408E+01  2.4000000E+00
0.0000000E+00  2.3484848E+05  1.0000000E+04  4.4449157E+01  1.4219865E+01  2.4250000E+00
0.0000000E+00  2.3737374E+05  1.0000000E+04  4.3826043E+01  1.4176356E+01  2.4500000E+00
0.0000000E+00  2.3989899E+05  1.0000000E+04  4.3225145E+01  1.4133859E+01  2.4750000E+00
0.0000000E+00  2.4242424E+05  1.0000000E+04  4.2645476E+01  1.4092352E+01  2.5000000E+00
0.0000000E+00  2.4494949E+05  1.0000000E+04  4.1904209E+01  1.4038510E+01  2.5250000E+00
0.0000000E+00  2.4747475E+05  1.0000000E+04  4.0853815E+01  1.3960862E+01  2.5500000E+00
0.0000000E+00  2.5000000E+05  1.0000000E+04  3.9871268E+01  1.3886805E+01  2.5750000E+00
0.0000000E+00  2.5252525E+05  1.0000000E+04  3.8652823E+01  1.3793373E+01  2.6000000E+00
0.0000000E+00  2.5505051E+05  1.0000000E+04  3.7525140E+01  1.3705676E+01  2.6250000E+00
0.0000000E+00  2.5757576E+05  1.0000000E+04  3.6472558E+01  1.3623367E+01  2.6500000E+00
0.0000000E+00  2.6010101E+05  1.0000000E+04  3.5724684E+01  1.3564972E+01  2.6750000E+00
0.0000000E+00  2.6262626E+05  1.0000000E+04  3.5003917E+01  1.3509288E+01  2.7000000E+00
0.0000000E+00  2.6515152E+05  1.0000000E+04  3.4301041E+01  1.3456187E+01  2.7250000E+00
0.0000000E+00  2.6767677E+05  1.0000000E+04  3.3622648E+01  1.3405547E+01  2.7500000E+00
0.0000000E+00  2.7020202E+05  1.0000000E+04  3.2718300E+01  1.3341020E+01  2.7750000E+00
0.0000000E+00  2.7272727E+05  1.0000000E+04  3.1816403E+01  1.3280467E+01  2.8000000E+00
0.0000000E+00  2.7525253E+05  1.0000000E+04  3.0898205E+01  1.3223628E+01  2.8250000E+00
0.0000000E+00  2.7777778E+05  1.0000000E+04  2.9944190E+01  1.3170257E+01  2.8500000E+00
0.0000000E+00  2.8030303E+05  1.0000000E+04  2.8934051E+01  1.3120125E+01  2.8750000E+00
0.0000000E+00  2.8282828E+05  1.0000000E+04  2.7846895E+01  1.3073014E+01  2.9000000E+00
0.0000000E+00  2.8535354E+05  1.0000000E+04  2.6660078E+01  1.3028722E+01  2.9250000E+00
0.0000000E+00  2.8787879E+05  1.0000000E+04  2.5365789E+01  1.2987059E+01  2.9500000E+00
0.0000000E+00  2.9040404E+05  1.0000000E+04  2.3966735E+01  1.2947846E+01  2.9750000E+00
0.0000000E+00  2.9292929E+05  1.0000000E+04  2.2490669E+01  1.2910917E+01  3.0000000E+00
0.0000000E+00  2.9552283E+05  1.0000000E+04  2.0998833E+01  1.2876117E+01  3.0256760E+00
0.0000000E+00  2.9811636E+05  1.0000000E+04  1.9562865E+01  1.2843300E+01  3.0513520E+00
0.0000000E+00  3.0070989E+05  1.0000000E+04  1.8241869E+01  1.2812331E+01  3.0770279E+00
0.0000000E+00  3.0330343E+05  1.0000000E+04  1.7074517E+01  1.2783085E+01  3.1027039E+00
0.0000000E+00  3.0589696E+05  1.0000000E+04  1.6144634E+01  1.2757621E+01  3.1283799E+00
0.0000000E+00  3.0849049E+05  1.0000000E+04  1.5344801E+01  1.2733427E+01  3.1540559E+00
0.0000000E+00  3.1108403E+05  1.0000000E+04  1.4661641E+01  1.2710426E+01  3.1797319E+00
0.0000000E+00  3.1367756E+05  1.0000000E+04  1.4078595E+01  1.2688543E+01  3.2054078E+00
0.0000000E+00  3.1627109E+05  1.0000000E+04  1.3578850E+01  1.2667709E+01  3.2310838E+00
0.0000000E+00  3.1886463E+05  1.0000000E+04  1.3150574E+01  1.2647858E+01  3.2567598E+00
0.0000000E+00  3.2145816E+05  1.0000000E+04  1.2782539E+01  1.2628930E+01  3.2824358E+00
0.0000000E+00  3.2405169E+05  1.0000000E+04  1.2466279E+01  1.2610869E+01  3.3081118E+00
0.0000000E+00  3.2664523E+05  1.0000000E+04  1.2194810E+01  1.2593622E+01  3.3337877E+00
0.0000000E+00  3.2923876E+05  1.0000000E+04  1.1961941E+01  1.2577140E+01  3.3594637E+00
0.0000000E+00  3.3183229E+05  1.0000000E+04  1.1762284E+01  1.2561377E+01  3.3851397E+00
0.0000000E+00  3.3442583E+05  1.0000000E+04  1.1591596E+01  1.2546289E+01  3.4108157E+00
0.0000000E+00  3.3701936E+05  1.0000000E+04  1.1445255E+01  1.2531837E+01  3.4364917E+00
0.0000000E+00  3.3961289E+05  1.0000000E+04  1.1318984E+01  1.2517983E+01  3.4621677E+00
0.0000000E+00  3.4220643E+05  1.0000000E+04  1.1208831E+01  1.2504693E+01  3.4878436E+00
0.0000000E+00  3.4479996E+05  1.0000000E+04  1.1111313E+01  1.2491933E+01  3.5135196E+00
0.0000000E+00  3.4739349E+05  1.0000000E+04  1.1035562E+01  1.2479674E+01  3.5391956E+00
0.0000000E+00  3.4998703E+05  1.0000000E+04  1.0968223E+01  1.2467885E+01  3.5648716E+00
0.0000000E+00  3.5258056E+05  1.0000000E+04  1.0936172E+01  1.2462160E+01  3.5905476E+00
0.0000000E+00  3.5517409E+05  1.0000000E+04  1.0912394E+01  1.2457937E+01  3.6162235E+00
0.0000000E+00  3.5776763E+05  1.0000000E+04  1.0888779E+01  1.2453773E+01  3.6418995E+00
0.0000000E+00  3.6036116E+05  1.0000000E+04  1.0865372E+01  1.2449668E+01  3.6675755E+00
0.0000000E+00  3.6295469E+05  1.0000000E+04  1.0847278E+01  1.2445620E+01  3.6932515E+00
0.0000000E+00  3.6554823E+05  1.0000000E+04  1.0826458E+01  1.2440308E+01  3.7189275E+00
0.0000000E+00  3.6814176E+05  1.0000000E+04  1.0809506E+01  1.2436388E+01  3.7446034E+00
0.0000000E+00  3.7073529E+05  1.0000000E+04  1.0788290E+01  1.2432521E+01  3.7702794E+00
0.0000000E+00  3.7332883E+05  1.0000000E+04  1.0763277E+01  1.2428706E+01  3.7959554E+00
0.0000000E+00  3.7592236E+05  1.0000000E+04  1.0736807E+01  1.2424943E+01  3.8216314E+00
0.0000000E+00  3.7851590E+05  1.0000000E+04  1.0700105E+01  1.2420001E+01  3.8473074E+00
0.0000000E+00  3.8110943E+05  1.0000000E+04  1.0662472E+01  1.2415146E+01  3.8729834E+00
0.0000000E+00  3.8363921E+05  1.0000000E+04  1.0604306E+01  1.2408020E+01  3.8980282E+00
0.0000000E+00  3.8616899E+05  1.0000000E+04  1.0560158E+01  1.2402795E+01  3.9230730E+00
0.0000000E+00  3.8869877E+05  1.0000000E+04  1.0515323E+01  1.2397669E+01  3.9481178E+00
0.0000000E+00  3.9122855E+05  1.0000000E+04  1.0470148E+01  1.2392639E+01  3.9731626E+00
0.0000000E+00  3.9375833E+05  1.0000000E+04  1.0424782E+01  1.2387702E+01  3.9982074E+00
0.0000000E+00  3.9628810E+05  1.0000000E+04  1.0383179E+01  1.2383253E+01  4.0232522E+00
0.0000000E+00  3.9881788E+05  1.0000000E+04  1.0321097E+01  1.2376719E+01  4.0482971E+00
0.0000000E+00  4.0134766E+05  1.0000000E+04  1.0260196E+01  1.2370344E+01  4.0733419E+00
0.0000000E+00  4.0387744E+05  1.0000000E+04  1.0179719E+01  1.2362082E+01  4.0983867E+00
0.0000000E+00  4.0640722E+05  1.0000000E+04  1.0100914E+01  1.2354078E+01  4.1234315E+00
0.0000000E+00  4.0893700E+05  1.0000000E+04  1.0024088E+01  1.2346321E+01  4.1484763E+00
0.0000000E+00  4.1146678E+05  1.0000000E+04  9.9494860E+00  1.2338796E+01  4.1735211E+00
0.0000000E+00  4.1399656E+05  1.0000000E+04  9.8775293E+00  1.2331493E+01  4.1985659E+00
0.0000000E+00  4.1652634E+05  1.0000000E+04  9.8083548E+00  1.2324401E+01  4.2236107E+00
0.0000000E+00  4.1905612E+05  1.0000000E+04  9.6787654E+00  1.2310809E+01  4.2486556E+00
0.0000000E+00  4.2158590E+05  1.0000000E+04  9.6186757E+00  1.2304291E+01  4.2737004E+00
0.0000000E+00  4.2411568E+05  1.0000000E+04  9.5561503E+00  1.2297321E+01  4.2987452E+00
0.0000000E+00  4.2664546E+05  1.0000000E+04  9.5033439E+00  1.2291219E+01  4.3237900E+00
0.0000000E+00  4.2917523E+05  1.0000000E+04  9.4753613E+00  1.2287855E+01  4.3488348E+00
0.0000000E+00  4.3170501E+05  1.0000000E+04  9.4497273E+00  1.2284744E+01  4.3738796E+00
0.0000000E+00  4.3423479E+05  1.0000000E+04  9.4265017E+00  1.2281865E+01  4.3989244E+00
0.0000000E+00  4.3676457E+05  1.0000000E+04  9.3983995E+00  1.2278316E+01  4.4239693E+00
0.0000000E+00  4.3929435E+05  1.0000000E+04  9.3738475E+00  1.2275110E+01  4.4490141E+00
0.0000000E+00  4.4182413E+05  1.0000000E+04  9.3522156E+00  1.2272209E+01  4.4740589E+00
0.0000000E+00  4.4435391E+05  1.0000000E+04  9.3236085E+00  1.2268279E+01  4.4991037E+00
0.0000000E+00  4.4688369E+05  1.0000000E+04  9.3000711E+00  1.2264895E+01  4.5241485E+00
0.0000000E+00  4.4941347E+05  1.0000000E+04  9.2804322E+00  1.2261974E+01  4.5491933E+00
0.0000000E+00  4.5194325E+05  1.0000000E+04  9.2477861E+00  1.2256951E+01  4.5742382E+00
0.0000000E+00  4.5447303E+05  1.0000000E+04  9.2254277E+00  1.2253256E+01  4.5992830E+00
0.0000000E+00  4.5700281E+05  1.0000000E+04  9.2096067E+00  1.2250523E+01  4.6243278E+00
0.0000000E+00  4.5953259E+05  1.0000000E+04  9.1870114E+00  1.2246484E+01  4.6493726E+00
0.0000000E+00  4.6206236E+05  1.0000000E+04  9.1663563E+00  1.2242517E+01  4.6744174E+00
0.0000000E+00  4.6459214E+05  1.0000000E+04  9.1235833E+00  1.2233388E+01  4.6994622E+00
0.0000000E+00  4.6712192E+05  1.0000000E+04  9.0901309E+00  1.2224618E+01  4.7245070E+00
0.0000000E+00  4.6965170E+05  1.0000000E+04  9.0646414E+00  1.2216182E+01  4.7495518E+00
0.0000000E+00  4.7218148E+05  1.0000000E+04  9.0463066E+00  1.2208057E+01  4.7745967E+00
0.0000000E+00  4.7471126E+05  1.0000000E+04  9.0343174E+00  1.2200224E+01  4.7996415E+00
0.0000000E+00  4.7724104E+05  1.0000000E+04  9.0278872E+00  1.2192664E+01  4.8246863E+00
0.0000000E+00  4.7977082E+05  1.0000000E+04  9.0316164E+00  1.2185360E+01  4.8497311E+00
0.0000000E+00  4.8230060E+05  1.0000000E+04  9.0391020E+00  1.2178296E+01  4.8747759E+00
0.0000000E+00  4.8483038E+05  1.0000000E+04  9.0498459E+00  1.2171459E+01  4.8998207E+00
0.0000000E+00  4.8736016E+05  1.0000000E+04  9.0632485E+00  1.2164835E+01  4.9248656E+00
0.0000000E+00  4.8988994E+05  1.0000000E+04  9.0787460E+00  1.2158413E+01  4.9499104E+00
0.0000000E+00  4.9241972E+05  1.0000000E+04  9.0958133E+00  1.2152183E+01  4.9749552E+00
0.0000000E+00  4.9494949E+05  1.0000000E+04  9.1139622E+00  1.2146133E+01  5.0000000E+00
0.0000000E+00  4.9747927E+05  1.0000000E+04  9.1327401E+00  1.2140255E+01  5.0250448E+00
0.0000000E+00  5.0000905E+05  1.0000000E+04  9.1517277E+00  1.2134540E+01  5.0500896E+00
0.0000000E+00  5.0253883E+05  1.0000000E+04  9.1709714E+00  1.2128850E+01  5.0751344E+00
0.0000000E+00  5.0506861E+05  1.0000000E+04  9.1896642E+00  1.2123316E+01  5.1001793E+00
0.0000000E+00  5.0759839E+05  1.0000000E+04  9.2074601E+00  1.2117929E+01  5.1252241E+00
0.0000000E+00  5.1012817E+05  1.0000000E+04  9.2240692E+00  1.2112683E+01  5.1502689E+00
0.0000000E+00  5.1265795E+05  1.0000000E+04  9.2392550E+00  1.2107572E+01  5.1753137E+00
0.0000000E+00  5.1518773E+05  1.0000000E+04  9.2528419E+00  1.2102589E+01  5.2003585E+00
0.0000000E+00  5.1771751E+05  1.0000000E+04  9.2647226E+00  1.2097730E+01  5.2254033E+00
0.0000000E+00  5.2024729E+05  1.0000000E+04  9.2748637E+00  1.2092989E+01  5.2504482E+00
0.0000000E+00  5.2277707E+05  1.0000000E+04  9.2833078E+00  1.2088361E+01  5.2754930E+00
0.0000000E+00  5.2530685E+05  1.0000000E+04  9.2901721E+00  1.2083843E+01  5.3005378E+00
0.0000000E+00  5.2783663E+05  1.0000000E+04  9.2956430E+00  1.2079428E+01  5.3255826E+00
0.0000000E+00  5.3036640E+05  1.0000000E+04  9.2999666E+00  1.2075115E+01  5.3506274E+00
0.0000000E+00  5.3289618E+05  1.0000000E+04  9.3034354E+00  1.2070898E+01  5.3756722E+00
0.0000000E+00  5.3542596E+05  1.0000000E+04  9.3063714E+00  1.2066774E+01  5.4007170E+00
0.0000000E+00  5.3795574E+05  1.0000000E+04  9.3091062E+00  1.2062740E+01  5.4257618E+00
0.0000000E+00  5.4048552E+05  1.0000000E+04  9.3119614E+00  1.2058792E+01  5.4508067E+00
0.0000000E+00  5.4301530E+05  1.0000000E+04  9.3152281E+00  1.2054929E+01  5.4758515E+00
0.0000000E+00  5.4554508E+05  1.0000000E+04  9.3191522E+00  1.2051146E+01  5.5008963E+00
0.0000000E+00  5.4807486E+05  1.0000000E+04  9.3239234E+00  1.2047441E+01  5.5259411E+00
0.0000000E+00  5.5060464E+05  1.0000000E+04  9.3296717E+00  1.2043811E+01  5.5509859E+00
0.0000000E+00  5.5313442E+05  1.0000000E+04  9.3364696E+00  1.2040255E+01  5.5760307E+00
0.0000000E+00  5.5566420E+05  1.0000000E+04  9.3443387E+00  1.2036769E+01  5.6010756E+00
0.0000000E+00  5.5819398E+05  1.0000000E+04  9.3532585E+00  1.2033351E+01  5.6261204E+00
0.0000000E+00  5.6072376E+05  1.0000000E+04  9.3631774E+00  1.2030000E+01  5.6511652E+00
0.0000000E+00  5.6325353E+05  1.0000000E+04  9.3740215E+00  1.2026713E+01  5.6762100E+00
0.0000000E+00  5.6578331E+05  1.0000000E+04  9.3857037E+00  1.2023489E+01  5.7012548E+00
0.0000000E+00  5.6831309E+05  1.0000000E+04  9.3981306E+00  1.2020325E+01  5.7262996E+00
0.0000000E+00  5.7084287E+05  1.0000000E+04  9.4112074E+00  1.2017219E+01  5.7513444E+00
0.0000000E+00  5.7337265E+05  1.0000000E+04  9.4248420E+00  1.2014171E+01  5.7763893E+00
0.0000000E+00  5.7590243E+05  1.0000000E+04  9.4389472E+00  1.2011178E+01  5.8014341E+00
0.0000000E+00  5.7843221E+05  1.0000000E+04  9.4534423E+00  1.2008239E+01  5.8264789E+00
0.0000000E+00  5.8096199E+05  1.0000000E+04  9.4682543E+00  1.2005352E+01  5.8515237E+00
0.0000000E+00  5.8349177E+05  1.0000000E+04  9.4833172E+00  1.2002516E+01  5.8765685E+00
0.0000000E+00  5.8602155E+05  1.0000000E+04  9.4985729E+00  1.1999730E+01  5.9016133E+00
0.0000000E+00  5.8855133E+05  1.0000000E+04  9.5139702E+00  1.1996991E+01  5.9266581E+00
0.0000000E+00  5.9108111E+05  1.0000000E+04  9.5294644E+00  1.1994300E+01  5.9517029E+00
0.0000000E+00  5.9361089E+05  1.0000000E+04  9.5450169E+00  1.1991654E+01  5.9767478E+00
0.0000000E+00  5.9614066E+05  1.0000000E+04  9.5605947E+00  1.1989053E+01  6.0017926E+00
0.0000000E+00  5.9867044E+05  1.0000000E+04  9.5761695E+00  1.1986495E+01  6.0268374E+00
0.0000000E+00  6.0120022E+05  1.0000000E+04  9.5917171E+00  1.1983980E+01  6.0518822E+00
0.0000000E+00  6.0373000E+05  1.0000000E+04  9.6072174E+00  1.1981505E+01  6.0769270E+00
0.0000000E+00  6.0625978E+05  1.0000000E+04  9.6226535E+00  1.1979071E+01  6.1019718E+00
0.0000000E+00  6.0878956E+05  1.0000000E+04  9.6380111E+00  1.1976676E+01  6.1270166E+00
0.0000000E+00  6.1138309E+05  1.0000000E+04  9.6532787E+00  1.1974319E+01  6.1526926E+00
0.0000000E+00  6.1397663E+05  1.0000000E+04  9.6684347E+00  1.1972000E+01  6.1783686E+00
0.0000000E+00  6.1657016E+05  1.0000000E+04  9.6835143E+00  1.1969717E+01  6.2040446E+00
0.0000000E+00  6.1916369E+05  1.0000000E+04  9.6984817E+00  1.1967469E+01  6.2297206E+00
0.0000000E+00  6.2175723E+05  1.0000000E+04  9.7133313E+00  1.1965257E+01  6.2553966E+00
0.0000000E+00  6.2435076E+05  1.0000000E+04  9.7280594E+00  1.1963078E+01  6.2810725E+00
0.0000000E+00  6.2694429E+05  1.0000000E+04  9.7427026E+00  1.1960932E+01  6.3067485E+00
0.0000000E+00  6.2953783E+05  1.0000000E+04  9.7572792E+00  1.1958819E+01  6.3324245E+00
0.0000000E+00  6.3213136E+05  1.0000000E+04  9.7717272E+00  1.1956738E+01  6.3581005E+00
0.0000000E+00  6.3472489E+05  1.0000000E+04  9.7860446E+00  1.1954687E+01  6.3837765E+00
0.0000000E+00  6.3731843E+05  1.0000000E+04  9.8002311E+00  1.1952667E+01  6.4094524E+00
0.0000000E+00  6.3991196E+05  1.0000000E+04  9.8142868E+00  1.1950676E+01  6.4351284E+00
0.0000000E+00  6.4250549E+05  1.0000000E+04  9.8282158E+00  1.1948715E+01  6.4608044E+00
0.0000000E+00  6.4509903E+05  1.0000000E+04  9.8420165E+00  1.1946782E+01  6.4864804E+00
0.0000000E+00  6.4769256E+05  1.0000000E+04  9.8556885E+00  1.1944876E+01  6.5121564E+00
0.0000000E+00  6.5028610E+05  1.0000000E+04  9.8692331E+00  1.1942998E+01  6.5378324E+00
0.0000000E+00  6.5287963E+05  1.0000000E+04  9.8826514E+00  1.1941147E+01  6.5635083E+00
0.0000000E+00  6.5547316E+05  1.0000000E+04  9.8959449E+00  1.1939321E+01  6.5891843E+00
0.0000000E+00  6.5806670E+05  1.0000000E+04  9.9091151E+00  1.1937521E+01  6.6148603E+00
0.0000000E+00  6.6066023E+05  1.0000000E+04  9.9221635E+00  1.1935746E+01  6.6405363E+00
0.0000000E+00  6.6325376E+05  1.0000000E+04  9.9350916E+00  1.1933995E+01  6.6662123E+00
0.0000000E+00  6.6584730E+05  1.0000000E+04  9.9479012E+00  1.1932269E+01  6.6918882E+00
0.0000000E+00  6.6844083E+05  1.0000000E+04  9.9603352E+00  1.1930601E+01  6.7175642E+00
0.0000000E+00  6.7103436E+05  1.0000000E+04  9.9726525E+00  1.1928956E+01  6.7432402E+00
0.0000000E+00  6.7362790E+05  1.0000000E+04  9.9848607E+00  1.1927332E+01  6.7689162E+00
0.0000000E+00  6.7622143E+05  1.0000000E+04  9.9969614E+00  1.1925729E+01  6.7945921E+00
0.0000000E+00  6.7881496E+05  1.0000000E+04  1.0008956E+01  1.1924147E+01  6.8202681E+00
0.0000000E+00  6.8140850E+05  1.0000000E+04  1.0020903E+01  1.1922586E+01  6.8459441E+00
0.0000000E+00  6.8400203E+05  1.0000000E+04  1.0032756E+01  1.1921045E+01  6.8716201E+00
0.0000000E+00  6.8659556E+05  1.0000000E+04  1.0044506E+01  1.1919523E+01  6.8972961E+00
0.0000000E+00  6.8918910E+05  1.0000000E+04  1.0056155E+01  1.1918021E+01  6.9229721E+00
0.0000000E+00  6.9178263E+05  1.0000000E+04  1.0067705E+01  1.1916538E+01  6.9486480E+00
0.0000000E+00  6.9437616E+05  1.0000000E+04  1.0079156E+01  1.1915073E+01  6.9743240E+00
0.0000000E+00  6.9696970E+05  1.0000000E+04  1.0090511E+01  1.1913627E+01  7.0000000E+00
0.0000000E+00  6.9955970E+05  1.0000000E+04  1.0101770E+01  1.1912199E+01  7.0256410E+00
0.0000000E+00  7.0214970E+05  1.0000000E+04  1.0112935E+01  1.1910788E+01  7.0512821E+00
0.0000000E+00  7.0473971E+05  1.0000000E+04  1.0124007E+01  1.1909395E+01  7.0769231E+00
0.0000000E+00  7.0732971E+05  1.0000000E+04  1.0134988E+01  1.1908018E+01  7.1025641E+00
0.0000000E+00  7.0991971E+05  1.0000000E+04  1.0145879E+01  1.1906659E+01  7.1282051E+00
0.0000000E+00  7.1250971E+05  1.0000000E+04  1.0156678E+01  1.1905315E+01  7.1538461E+00
0.0000000E+00  7.1509972E+05  1.0000000E+04  1.0167393E+01  1.1903988E+01  7.1794872E+00
0.0000000E+00  7.1768972E+05  1.0000000E+04  1.0178021E+01  1.1902677E+01  7.2051282E+00
0.0000000E+00  7.2027972E+05  1.0000000E+04  1.0188564E+01  1.1901381E+01  7.2307692E+00
0.0000000E+00  7.2286972E+05  1.0000000E+04  1.0199023E+01  1.1900101E+01  7.2564103E+00
0.0000000E+00  7.2545973E+05  1.0000000E+04  1.0209394E+01  1.1898836E+01  7.2820513E+00
0.0000000E+00  7.2804973E+05  1.0000000E+04  1.0219686E+01  1.1897585E+01  7.3076923E+00
0.0000000E+00  7.3063973E+05  1.0000000E+04  1.0229896E+01  1.1896350E+01  7.3333333E+00
0.0000000E+00  7.3322973E+05  1.0000000E+04  1.0240026E+01  1.1895128E+01  7.3589744E+00
0.0000000E+00  7.3581974E+05  1.0000000E+04  1.0250076E+01  1.1893920E+01  7.3846154E+00
0.0000000E+00  7.3840974E+05  1.0000000E+04  1.0260048E+01  1.1892727E+01  7.4102564E+00
0.0000000E+00  7.4099974E+05  1.0000000E+04  1.0269941E+01  1.1891547E+01  7.4358974E+00
0.0000000E+00  7.4358974E+05  1.0000000E+04  1.0279758E+01  1.1890380E+01  7.4615385E+00
0.0000000E+00  7.4617975E+05  1.0000000E+04  1.0289498E+01  1.1889227E+01  7.4871795E+00
0.0000000E+00  7.4876975E+05  1.0000000E+04  1.0299163E+01  1.1888086E+01  7.5128205E+00
0.0000000E+00  7.5135975E+05  1.0000000E+04  1.0308754E+01  1.1886958E+01  7.5384615E+00
0.0000000E+00  7.5394975E+05  1.0000000E+04  1.0318271E+01  1.1885843E+01  7.5641026E+00
0.0000000E+00  7.5653976E+05  1.0000000E+04  1.0327714E+01  1.1884740E+01  7.5897436E+00
0.0000000E+00  7.5912976E+05  1.0000000E+04  1.0337085E+01  1.1883650E+01  7.6153846E+00
0.0000000E+00  7.6171976E+05  1.0000000E+04  1.0346385E+01  1.1882571E+01  7.6410256E+00
0.0000000E+00  7.6430976E+05  1.0000000E+04  1.0355612E+01  1.1881504E+01  7.6666667E+00
0.0000000E+00  7.6689977E+05  1.0000000E+04  1.0364775E+01  1.1880449E+01  7.6923077E+00
0.0000000E+00  7.6948977E+05  1.0000000E+04  1.0373870E+01  1.1879405E+01  7.7179487E+00
0.0000000E+00  7.7207977E+05  1.0000000E+04  1.0382895E+01  1.1878372E+01  7.7435897E+00
0.0000000E+00  7.7466977E+05  1.0000000E+04  1.0391852E+01  1.1877350E+01  7.7692308E+00
0.0000000E+00  7.7725978E+05  1.0000000E+04  1.0400742E+01  1.1876340E+01  7.7948718E+00
0.0000000E+00  7.7984978E+05  1.0000000E+04  1.0409564E+01  1.1875340E+01  7.8205128E+00
0.0000000E+00  7.8243978E+05  1.0000000E+04  1.0418320E+01  1.1874350E+01  7.8461539E+00
0.0000000E+00  7.8502978E+05  1.0000000E+04  1.0427010E+01  1.1873371E+01  7.8717949E+00
0.0000000E+00  7.8761979E+05  1.0000000E+04  1.0435634E+01  1.1872402E+01  7.8974359E+00
0.0000000E+00  7.9020979E+05  1.0000000E+04  1.0444194E+01  1.1871444E+01  7.9230769E+00
0.0000000E+00  7.9279979E+05  1.0000000E+04  1.0452689E+01  1.1870495E+01  7.9487179E+00
0.0000000E+00  7.9538979E+05  1.0000000E+04  1.0461120E+01  1.1869556E+01  7.9743590E+00
0.0000000E+00  7.9797980E+05  1.0000000E+04  1.0469488E+01  1.1868627E+01  8.0000000E+00
0.0000000E+00  8.0055242E+05  1.0000000E+04  1.0477793E+01  1.1867707E+01  8.0254690E+00
0.0000000E+00  8.0312505E+05  1.0000000E+04  1.0486035E+01  1.1866797E+01  8.0509379E+00
0.0000000E+00  8.0569767E+05  1.0000000E+04  1.0494215E+01  1.1865896E+01  8.0764069E+00
0.0000000E+00  8.0827029E+05  1.0000000E+04  1.0502334E+01  1.1865004E+01  8.1018759E+00
0.0000000E+00  8.1084292E+05  1.0000000E+04  1.0510668E+01  1.1864090E+01  8.1273449E+00
0.0000000E+00  8.1341554E+05  1.0000000E+04  1.0518944E+01  1.1863185E+01  8.1528138E+00
0.0000000E+00  8.1598816E+05  1.0000000E+04  1.0527157E+01  1.1862290E+01  8.1782828E+00
0.0000000E+00  8.1856079E+05  1.0000000E+04  1.0535305E+01  1.1861404E+01  8.2037518E+00
0.0000000E+00  8.2113341E+05  1.0000000E+04  1.0543419E+01  1.1860527E+01  8.2292208E+00
0.0000000E+00  8.2370604E+05  1.0000000E+04  1.0551467E+01  1.1859659E+01  8.2546898E+00
0.0000000E+00  8.2627866E+05  1.0000000E+04  1.0559451E+01  1.1858800E+01  8.2801587E+00
0.0000000E+00  8.2885128E+05  1.0000000E+04  1.0567373E+01  1.1857949E+01  8.3056277E+00
0.0000000E+00  8.3142391E+05  1.0000000E+04  1.0575233E+01  1.1857107E+01  8.3310967E+00
0.0000000E+00  8.3399653E+05  1.0000000E+04  1.0583030E+01  1.1856274E+01  8.3565657E+00
0.0000000E+00  8.3656915E+05  1.0000000E+04  1.0590765E+01  1.1855448E+01  8.3820346E+00
0.0000000E+00  8.3914178E+05  1.0000000E+04  1.0598439E+01  1.1854632E+01  8.4075036E+00
0.0000000E+00  8.4171440E+05  1.0000000E+04  1.0606051E+01  1.1853823E+01  8.4329726E+00
0.0000000E+00  8.4428703E+05  1.0000000E+04  1.0613603E+01  1.1853022E+01  8.4584416E+00
0.0000000E+00  8.4685965E+05  1.0000000E+04  1.0621093E+01  1.1852229E+01  8.4839105E+00
0.0000000E+00  8.4943227E+05  1.0000000E+04  1.0628523E+01  1.1851443E+01  8.5093795E+00
0.0000000E+00  8.5200490E+05  1.0000000E+04  1.0635893E+01  1.1850666E+01  8.5348485E+00
0.0000000E+00  8.5457752E+05  1.0000000E+04  1.0643202E+01  1.1849896E+01  8.5603175E+00
0.0000000E+00  8.5715015E+05  1.0000000E+04  1.0650452E+01  1.1849133E+01  8.5857864E+00
0.0000000E+00  8.5976513E+05  1.0000000E+04  1.0657642E+01  1.1848378E+01  8.6116748E+00
0.0000000E+00  8.6238011E+05  1.0000000E+04  1.0664772E+01  1.1847630E+01  8.6375631E+00
0.0000000E+00  8.6499510E+05  1.0000000E+04  1.0671843E+01  1.1846889E+01  8.6634515E+00
0.0000000E+00  8.6761008E+05  1.0000000E+04  1.0678622E+01  1.1846180E+01  8.6893398E+00
0.0000000E+00  8.7022507E+05  1.0000000E+04  1.0685339E+01  1.1845478E+01  8.7152282E+00
0.0000000E+00  8.7284005E+05  1.0000000E+04  1.0692001E+01  1.1844782E+01  8.7411165E+00
0.0000000E+00  8.7545504E+05  1.0000000E+04  1.0698609E+01  1.1844093E+01  8.7670049E+00
0.0000000E+00  8.7807002E+05  1.0000000E+04  1.0705162E+01  1.1843409E+01  8.7928932E+00
0.0000000E+00  8.8068501E+05  1.0000000E+04  1.0711660E+01  1.1842732E+01  8.8187816E+00
0.0000000E+00  8.8329999E+05  1.0000000E+04  1.0718103E+01  1.1842061E+01  8.8446699E+00
0.0000000E+00  8.8591498E+05  1.0000000E+04  1.0724493E+01  1.1841396E+01  8.8705583E+00
0.0000000E+00  8.8852996E+05  1.0000000E+04  1.0730827E+01  1.1840737E+01  8.8964466E+00
0.0000000E+00  8.9114495E+05  1.0000000E+04  1.0737108E+01  1.1840084E+01  8.9223350E+00
0.0000000E+00  8.9375993E+05  1.0000000E+04  1.0743334E+01  1.1839437E+01  8.9482233E+00
0.0000000E+00  8.9637491E+05  1.0000000E+04  1.0749507E+01  1.1838795E+01  8.9741116E+00
0.0000000E+00  8.9898990E+05  1.0000000E+04  1.0755625E+01  1.1838159E+01  9.0000000E+00
0.0000000E+00  9.0151515E+05  1.0000000E+04  1.0761689E+01  1.1837528E+01  9.0250000E+00
0.0000000E+00  9.0404040E+05  1.0000000E+04  1.0767698E+01  1.1836903E+01  9.0500000E+00
0.0000000E+00  9.0656566E+05  1.0000000E+04  1.0773654E+01  1.1836284E+01  9.0750000E+00
0.0000000E+00  9.0909091E+05  1.0000000E+04  1.0779556E+01  1.1835669E+01  9.1000000E+00
0.0000000E+00  9.1161616E+05  1.0000000E+04  1.0785403E+01  1.1835061E+01  9.1250000E+00
0.0000000E+00  9.1414141E+05  1.0000000E+04  1.0791197E+01  1.1834457E+01  9.1500000E+00
0.0000000E+00  9.1666667E+05  1.0000000E+04  1.0796936E+01  1.1833858E+01  9.1750000E+00
0.0000000E+00  9.1919192E+05  1.0000000E+04  1.0802622E+01  1.1833265E+01  9.2000000E+00
0.0000000E+00  9.2171717E+05  1.0000000E+04  1.0808253E+01  1.1832677E+01  9.2250000E+00
0.0000000E+00  9.2424242E+05  1.0000000E+04  1.0813829E+01  1.1832093E+01  9.2500000E+00
0.0000000E+00  9.2676768E+05  1.0000000E+04  1.0819351E+01  1.1831515E+01  9.2750000E+00
0.0000000E+00  9.2929293E+05  1.0000000E+04  1.0824819E+01  1.1830941E+01  9.3000000E+00
0.0000000E+00  9.3217893E+05  1.0000000E+04  1.0830232E+01  1.1830373E+01  9.3285714E+00
0.0000000E+00  9.3506494E+05  1.0000000E+04  1.0836953E+01  1.1829809E+01  9.3571429E+00
0.0000000E+00  9.3795094E+05  1.0000000E+04  1.0843102E+01  1.1829249E+01  9.3857143E+00
0.0000000E+00  9.4083694E+05  1.0000000E+04  1.0849175E+01  1.1828695E+01  9.4142857E+00
0.0000000E+00  9.4372294E+05  1.0000000E+04  1.0855186E+01  1.1828145E+01  9.4428571E+00
0.0000000E+00  9.4660895E+05  1.0000000E+04  1.0861135E+01  1.1827599E+01  9.4714286E+00
0.0000000E+00  9.4949495E+05  1.0000000E+04  1.0867022E+01  1.1827058E+01  9.5000000E+00
0.0000000E+00  9.5234095E+05  1.0000000E+04  1.0872847E+01  1.1826522E+01  9.5281754E+00
0.0000000E+00  9.5518695E+05  1.0000000E+04  1.0878610E+01  1.1825990E+01  9.5563508E+00
0.0000000E+00  9.5803295E+05  1.0000000E+04  1.0884309E+01  1.1825462E+01  9.5845262E+00
0.0000000E+00  9.6087896E+05  1.0000000E+04  1.0889946E+01  1.1824938E+01  9.6127017E+00
0.0000000E+00  9.6381829E+05  1.0000000E+04  1.0895519E+01  1.1824419E+01  9.6418011E+00
0.0000000E+00  9.6675763E+05  1.0000000E+04  1.0901029E+01  1.1823904E+01  9.6709006E+00
0.0000000E+00  9.6969697E+05  1.0000000E+04  1.0906474E+01  1.1823393E+01  9.7000000E+00
0.0000000E+00  9.7306397E+05  1.0000000E+04  1.0911856E+01  1.1822886E+01  9.7333333E+00
0.0000000E+00  9.7643098E+05  1.0000000E+04  1.0917172E+01  1.1822383E+01  9.7666667E+00
0.0000000E+00  9.7979798E+05  1.0000000E+04  1.0922424E+01  1.1821884E+01  9.8000000E+00
0.0000000E+00  9.8275650E+05  1.0000000E+04  1.0927610E+01  1.1821390E+01  9.8292893E+00
0.0000000E+00  9.8423576E+05  1.0000000E+04  1.0932730E+01  1.1820899E+01  9.8439340E+00
0.0000000E+00  9.8571501E+05  1.0000000E+04  1.0937784E+01  1.1820411E+01  9.8585786E+00
0.0000000E+00  9.8676101E+05  1.0000000E+04  1.0942770E+01  1.1819928E+01  9.8689340E+00
0.0000000E+00  9.8833000E+05  1.0000000E+04  1.0947690E+01  1.1819449E+01  9.8844670E+00
0.0000000E+00  9.8911449E+05  1.0000000E+04  1.0952542E+01  1.1818973E+01  9.8922335E+00
0.0000000E+00  9.8989899E+05  1.0000000E+04  1.0957326E+01  1.1818501E+01  9.9000000E+00
0.0000000E+00  9.9065657E+05  1.0000000E+04  1.0962041E+01  1.1818032E+01  9.9075000E+00
0.0000000E+00  9.9122475E+05  1.0000000E+04  1.0966687E+01  1.1817568E+01  9.9131250E+00
0.0000000E+00  9.9207702E+05  1.0000000E+04  1.0971263E+01  1.1817107E+01  9.9215625E+00
0.0000000E+00  9.9292929E+05  1.0000000E+04  1.0975768E+01  1.1816649E+01  9.9300000E+00
0.0000000E+00  9.9343434E+05  1.0000000E+04  1.0980203E+01  1.1816195E+01  9.9350000E+00
0.0000000E+00  9.9381313E+05  1.0000000E+04  1.0984566E+01  1.1815744E+01  9.9387500E+00
0.0000000E+00  9.9438131E+05  1.0000000E+04  1.0988945E+01  1.1815287E+01  9.9443750E+00
0.0000000E+00  9.9494949E+05  1.0000000E+04  1.0993250E+01  1.1814834E+01  9.9500000E+00
0.0000000E+00  9.9523409E+05  1.0000000E+04  1.0997478E+01  1.1814384E+01  9.9528175E+00
0.0000000E+00  9.9566099E+05  1.0000000E+04  1.1001629E+01  1.1813938E+01  9.9570438E+00
0.0000000E+00  9.9608790E+05  1.0000000E+04  1.1005700E+01  1.1813495E+01  9.9612702E+00
0.0000000E+00  9.9652880E+05  1.0000000E+04  1.1009693E+01  1.1813056E+01  9.9656351E+00
0.0000000E+00  9.9696970E+05  1.0000000E+04  1.1013605E+01  1.1812620E+01  9.9700000E+00
0.0000000E+00  9.9722222E+05  1.0000000E+04  1.1017435E+01  1.1812187E+01  9.9725000E+00
0.0000000E+00  9.9747475E+05  1.0000000E+04  1.1021184E+01  1.1811757E+01  9.9750000E+00
0.0000000E+00  9.9797980E+05  1.0000000E+04  1.1024849E+01  1.1811331E+01  9.9800000E+00
0.0000000E+00  9.9827565E+05  1.0000000E+04  1.1028429E+01  1.1810908E+01  9.9829289E+00
0.0000000E+00  9.9857150E+05  1.0000000E+04  1.1031925E+01  1.1810488E+01  9.9858579E+00
0.0000000E+00  9.9898990E+05  1.0000000E+04  1.1035334E+01  1.1810071E+01  9.9900000E+00
0.0000000E+00  9.9929293E+05  1.0000000E+04  1.1038655E+01  1.1809658E+01  9.9930000E+00
0.0000000E+00  9.9949495E+05  1.0000000E+04  1.1041887E+01  1.1809247E+01  9.9950000E+00
0.0000000E+00  9.9960879E+05  1.0000000E+04  1.1045028E+01  1.1808840E+01  9.9961270E+00
0.0000000E+00  9.9969697E+05  1.0000000E+04  1.1048079E+01  1.1808435E+01  9.9970000E+00
0.0000000E+00  9.9979798E+05  1.0000000E+04  1.1051036E+01  1.1808034E+01  9.9980000E+00
0.0000000E+00  9.9985715E+05  1.0000000E+04  1.1053899E+01  1.1807635E+01  9.9985858E+00
0.0000000E+00  9.9989899E+05  1.0000000E+04  1.1056666E+01  1.1807239E+01  9.9990000E+00
0.0000000E+00  9.9992929E+05  1.0000000E+04  1.1059335E+01  1.1806847E+01  9.9993000E+00
0.0000000E+00  9.9994949E+05  1.0000000E+04  1.1061906E+01  1.1806457E+01  9.9995000E+00
0.0000000E+00  9.9996088E+05  1.0000000E+04  1.1064375E+01  1.1806070E+01  9.9996127E+00
0.0000000E+00  9.9996970E+05  1.0000000E+04  1.1066742E+01  1.1805685E+01  9.9997000E+00
0.0000000E+00  9.9997980E+05  1.0000000E+04  1.1069005E+01  1.1805304E+01  9.9998000E+00
0.0000000E+00  9.9998572E+05  1.0000000E+04  1.1071162E+01  1.1804925E+01  9.9998586E+00
0.0000000E+00  9.9998990E+05  1.0000000E+04  1.1073210E+01  1.1804549E+01  9.9999000E+00
0.0000000E+00  9.9999293E+05  1.0000000E+04  1.1075148E+01  1.1804176E+01  9.9999300E+00
0.0000000E+00  9.9999495E+05  1.0000000E+04  1.1076974E+01  1.1803805E+01  9.9999500E+00
0.0000000E+00  9.9999609E+05  1.0000000E+04  1.1078685E+01  1.1803437E+01  9.9999613E+00
0.0000000E+00  9.9999697E+05  1.0000000E+04  1.1080279E+01  1.1803072E+01  9.9999700E+00
0.0000000E+00  9.9999798E+05  1.0000000E+04  1.1081753E+01  1.1802709E+01  9.9999800E+00
0.0000000E+00  9.9999857E+05  1.0000000E+04  1.1083106E+01  1.1802348E+01  9.9999859E+00
0.0000000E+00  9.9999899E+05  1.0000000E+04  1.1084334E+01  1.1801991E+01  9.9999900E+00
0.0000000E+00  9.9999929E+05  1.0000000E+04  1.1085434E+01  1.1801636E+01  9.9999930E+00
0.0000000E+00  9.9999949E+05  1.0000000E+04  1.1086404E+01  1.1801283E+01  9.9999950E+00
