   N(H2)     F(H2)      F(HD)
1.873E+15  1.000E+00  1.000E+00
2.648E+15  9.952E-01  1.000E+00
3.745E+15  9.885E-01  1.000E+00
5.618E+15  9.769E-01  1.000E+00
7.253E+15  9.669E-01  1.000E+00
9.363E+15  9.538E-01  1.000E+00
1.124E+16  9.423E-01  9.999E-01
1.311E+16  9.308E-01  9.999E-01
1.592E+16  9.134E-01  9.999E-01
1.873E+16  8.961E-01  9.999E-01
2.260E+16  8.723E-01  9.999E-01
2.648E+16  8.485E-01  9.999E-01
2.923E+16  8.317E-01  9.998E-01
3.334E+16  8.067E-01  9.998E-01
3.745E+16  7.818E-01  9.998E-01
4.213E+16  7.536E-01  9.998E-01
4.916E+16  7.119E-01  9.997E-01
5.618E+16  6.708E-01  9.997E-01
6.435E+16  6.241E-01  9.996E-01
7.253E+16  5.795E-01  9.996E-01
7.780E+16  5.523E-01  9.996E-01
8.308E+16  5.256E-01  9.995E-01
8.836E+16  4.999E-01  9.995E-01
9.363E+16  4.754E-01  9.995E-01
9.831E+16  4.543E-01  9.995E-01
1.053E+17  4.235E-01  9.994E-01
1.124E+17  3.939E-01  9.994E-01
1.170E+17  3.750E-01  9.994E-01
1.241E+17  3.472E-01  9.993E-01
1.311E+17  3.204E-01  9.993E-01
1.381E+17  2.949E-01  9.992E-01
1.451E+17  2.706E-01  9.992E-01
1.504E+17  2.531E-01  9.992E-01
1.583E+17  2.281E-01  9.991E-01
1.662E+17  2.047E-01  9.991E-01
1.715E+17  1.899E-01  9.991E-01
1.767E+17  1.759E-01  9.990E-01
1.820E+17  1.626E-01  9.990E-01
1.873E+17  1.500E-01  9.990E-01
1.921E+17  1.390E-01  9.989E-01
1.970E+17  1.286E-01  9.989E-01
2.018E+17  1.187E-01  9.989E-01
2.067E+17  1.094E-01  9.989E-01
2.139E+17  9.635E-02  9.988E-01
2.212E+17  8.446E-02  9.988E-01
2.285E+17  7.377E-02  9.987E-01
2.357E+17  6.419E-02  9.987E-01
2.430E+17  5.566E-02  9.986E-01
2.503E+17  4.814E-02  9.986E-01
2.576E+17  4.147E-02  9.985E-01
2.648E+17  3.562E-02  9.985E-01
2.717E+17  3.081E-02  9.984E-01
2.785E+17  2.657E-02  9.984E-01
2.854E+17  2.288E-02  9.983E-01
2.923E+17  1.968E-02  9.983E-01
2.991E+17  1.694E-02  9.982E-01
3.060E+17  1.462E-02  9.981E-01
3.197E+17  1.101E-02  9.980E-01
3.334E+17  8.475E-03  9.979E-01
3.471E+17  6.720E-03  9.978E-01
3.745E+17  4.624E-03  9.975E-01
4.213E+17  3.027E-03  9.972E-01
4.682E+17  2.314E-03  9.969E-01
5.618E+17  1.677E-03  9.962E-01
7.253E+17  1.241E-03  9.950E-01
9.363E+17  9.929E-04  9.935E-01
1.311E+18  7.800E-04  9.909E-01
1.873E+18  6.222E-04  9.871E-01
2.648E+18  5.063E-04  9.819E-01
3.745E+18  4.142E-04  9.749E-01
5.618E+18  3.278E-04  9.632E-01
7.253E+18  2.826E-04  9.534E-01
9.363E+18  2.432E-04  9.411E-01
1.311E+19  1.987E-04  9.204E-01
1.592E+19  1.763E-04  9.056E-01
1.873E+19  1.592E-04  8.914E-01
2.260E+19  1.412E-04  8.727E-01
2.648E+19  1.273E-04  8.549E-01
3.197E+19  1.122E-04  8.312E-01
3.745E+19  1.007E-04  8.088E-01
4.682E+19  8.610E-05  7.735E-01
5.618E+19  7.548E-05  7.412E-01
6.435E+19  6.827E-05  7.150E-01
7.253E+19  6.240E-05  6.903E-01
8.308E+19  5.623E-05  6.604E-01
9.363E+19  5.121E-05  6.322E-01
1.030E+20  4.747E-05  6.085E-01
1.124E+20  4.425E-05  5.858E-01
1.217E+20  4.145E-05  5.640E-01
1.311E+20  3.897E-05  5.430E-01
1.451E+20  3.576E-05  5.127E-01
1.592E+20  3.303E-05  4.838E-01
1.732E+20  3.067E-05  4.559E-01
1.873E+20  2.861E-05  4.291E-01
2.067E+20  2.616E-05  3.936E-01
2.260E+20  2.407E-05  3.596E-01
2.454E+20  2.226E-05  3.270E-01
2.648E+20  2.068E-05  2.956E-01
2.785E+20  1.969E-05  2.742E-01
2.923E+20  1.877E-05  2.534E-01
3.060E+20  1.792E-05  2.331E-01
3.197E+20  1.714E-05  2.140E-01
3.334E+20  1.642E-05  1.955E-01
3.471E+20  1.574E-05  1.781E-01
3.608E+20  1.511E-05  1.613E-01
3.745E+20  1.453E-05  1.458E-01
3.979E+20  1.361E-05  1.215E-01
4.213E+20  1.279E-05  1.001E-01
4.389E+20  1.222E-05  8.591E-02
4.565E+20  1.170E-05  7.325E-02
4.740E+20  1.121E-05  6.196E-02
4.916E+20  1.075E-05  5.214E-02
5.091E+20  1.032E-05  4.363E-02
5.267E+20  9.923E-06  3.634E-02
5.618E+20  9.191E-06  2.507E-02
6.027E+20  8.443E-06  1.659E-02
6.435E+20  7.785E-06  1.139E-02
6.844E+20  7.203E-06  8.169E-03
7.253E+20  6.686E-06  6.097E-03
7.780E+20  6.096E-06  4.391E-03
8.308E+20  5.581E-06  3.304E-03
8.836E+20  5.127E-06  2.568E-03
9.363E+20  4.726E-06  2.047E-03
9.831E+20  4.407E-06  1.701E-03
1.030E+21  4.118E-06  1.433E-03
1.077E+21  3.854E-06  1.221E-03
1.124E+21  3.614E-06  1.051E-03
1.170E+21  3.395E-06  9.136E-04
1.217E+21  3.193E-06  8.008E-04
1.311E+21  2.836E-06  6.295E-04
1.381E+21  2.603E-06  5.351E-04
1.451E+21  2.395E-06  4.608E-04
1.557E+21  2.122E-06  3.760E-04
1.662E+21  1.888E-06  3.130E-04
1.767E+21  1.687E-06  2.647E-04
1.873E+21  1.512E-06  2.266E-04
1.970E+21  1.371E-06  1.981E-04
2.067E+21  1.246E-06  1.745E-04
2.212E+21  1.085E-06  1.457E-04
2.357E+21  9.497E-07  1.230E-04
2.503E+21  8.347E-07  1.047E-04
2.648E+21  7.361E-07  8.982E-05
2.785E+21  6.554E-07  7.816E-05
2.923E+21  5.845E-07  6.835E-05
3.025E+21  5.369E-07  6.198E-05
3.128E+21  4.932E-07  5.633E-05
3.205E+21  4.630E-07  5.250E-05
3.283E+21  4.346E-07  4.898E-05
3.398E+21  3.954E-07  4.421E-05
3.485E+21  3.684E-07  4.100E-05
3.550E+21  3.495E-07  3.877E-05
3.648E+21  3.230E-07  3.568E-05
3.697E+21  3.105E-07  3.425E-05
3.745E+21  2.986E-07  3.288E-05
3.862E+21  2.719E-07  2.985E-05
3.979E+21  2.478E-07  2.713E-05
4.048E+21  2.348E-07  2.567E-05
4.116E+21  2.226E-07  2.430E-05
4.184E+21  2.110E-07  2.302E-05
4.252E+21  2.001E-07  2.181E-05
4.338E+21  1.873E-07  2.039E-05
4.423E+21  1.754E-07  1.908E-05
4.498E+21  1.656E-07  1.801E-05
4.573E+21  1.564E-07  1.700E-05
4.703E+21  1.416E-07  1.539E-05
4.818E+21  1.299E-07  1.411E-05
4.918E+21  1.205E-07  1.309E-05
5.018E+21  1.118E-07  1.215E-05
5.168E+21  1.000E-07  1.087E-05
5.280E+21  9.201E-08  1.001E-05
5.449E+21  8.128E-08  8.850E-06
5.618E+21  7.187E-08  7.834E-06
5.754E+21  6.511E-08  7.106E-06
5.890E+21  5.902E-08  6.450E-06
6.061E+21  5.225E-08  5.719E-06
6.231E+21  4.628E-08  5.076E-06
6.359E+21  4.228E-08  4.644E-06
6.486E+21  3.864E-08  4.251E-06
6.678E+21  3.379E-08  3.725E-06
6.870E+21  2.957E-08  3.268E-06
7.061E+21  2.590E-08  2.870E-06
7.253E+21  2.270E-08  2.522E-06
7.517E+21  1.895E-08  2.114E-06
7.780E+21  1.585E-08  1.774E-06
8.044E+21  1.327E-08  1.491E-06
8.308E+21  1.112E-08  1.254E-06
8.572E+21  9.340E-09  1.056E-06
8.836E+21  7.854E-09  8.909E-07
9.363E+21  5.578E-09  6.356E-07
9.831E+21  4.141E-09  4.725E-07
1.030E+22  3.092E-09  3.522E-07
1.077E+22  2.325E-09  2.632E-07
1.124E+22  1.761E-09  1.971E-07
1.170E+22  1.346E-09  1.480E-07
1.217E+22  1.040E-09  1.113E-07
1.264E+22  8.150E-10  8.392E-08
1.311E+22  6.496E-10  6.337E-08
1.362E+22  5.195E-10  4.674E-08
1.413E+22  4.281E-10  3.455E-08
1.464E+22  3.653E-10  2.558E-08
1.515E+22  3.238E-10  1.898E-08
1.566E+22  2.983E-10  1.410E-08
1.617E+22  2.852E-10  1.050E-08
